5.0000 0.0200 100.0000
4.585117125
0
4.548750496
0
13.53887026
0
0
0
8.886069268
0
8.817761274
0
4.375248253
4.358623947
8.684251255
0
4.309501261
0
0
0
0
0
4.214507812
0
0
0
0
0
4.123616309
0
0
0
4.065171535
4.050818593
0
0
4.008362232
0
3.980549587
0
15.8124829
0
0
0
7.798766048
0
0
0
0
0
3.821464522
0
3.796180019
0
0
3.758875301
3.746603019
3.734410725
3.722297639
0
0
0
3.67462215
0
0
0
10.88446268
0
14.42143544
0
3.582848582
0
7.121236159
0
3.538662172
0
10.55092742
0
6.991108098
6.969881782
6.948784182
0
0
3.443126038
6.865657809
0
0
0
6.784500029
3.382255005
3.372318824
0
3.352620884
3.342858107
6.666304249
0
0
0
0
3.285457039
13.10432659
0
0
0
6.478220192
0
0
3.211925475
3.202965246
9.582164901
3.185194222
0
6.335239384
0
6.300476834
0
15.66523615
6.249043893
3.116043029
0
9.29766835
3.090880714
6.165167053
0
9.198367063
0
6.099672851
0
6.067445915
0
6.035558456
0
6.004005142
0
8.959171127
0
14.85470043
0
5.911298395
0
2.940515258
2.933006392
2.925535866
0
2.910708668
0
2.896031357
0
8.644505023
0
0
0
0
2.845808916
8.516329407
2.831778779
2.824815589
2.817886645
2.810991696
11.21652196
5.594605566
5.581016657
11.13498754
2.777018214
13.85161038
11.05463295
5.514052927
2.750426525
0
2.737321242
2.730815447
2.724340585
5.435792877
0
8.115298254
2.698746115
10.76969067
10.74451546
8.039593498
10.69451746
29.34165587
13.30622991
13.27548663
5.2979542
15.85731062
13.18410572
5.261570053
5.249553123
13.09397779
10.45136733
5.213830386
2.601015459
41.52227915
5.178591952
23.2512828
5.155363884
12.85957013
7.698515825
17.92318863
7.664293752
17.84369278
10.17383402
20.30274418
20.25801888
15.16011811
17.64801384
20.12502118
15.06080779
17.5326594
9.996881926
22.4441913
12.44200566
52.14355908
7.433026065
19.77877742
12.33520972
27.07935453
24.5649971
19.61009936
14.67628494
34.17196684
26.79252547
17.013748
14.5524511
26.62333589
21.73697577
40.97267208
16.83581258
48.00192203
19.16077684
21.51107065
14.31096925
33.32314603
33.25431701
26.07453572
9.462146134
37.77089308
21.2026056
35.26543738
18.76986377
25.75602023
23.36699278
51.30315371
16.29070122
27.87052388
25.49649623
25.44522009
30.01126883
59.90231322
41.38793395
39.01062504
20.61156572
31.9987292
36.49745882
43.25496008
29.53704544
47.61963751
22.63140844
58.72613468
36.06834582
33.74794678
42.66396613
38.09866362
22.36740894
49.11281989
42.33347803
44.47542914
33.29222707
39.87375727
46.42999534
37.51410357
22.0248809
39.56904739
48.26995458
54.74783248
19.67178315
54.54024763
47.90460126
71.72119364
36.87763595
30.31267936
56.1892619
38.82734712
43.06078886
34.38430692
55.77036328
40.67945085
14.95933858
42.66175617
31.93712949
42.50421519
36.06199983
29.64348702
50.72409951
44.30224423
37.90388601
14.71348459
33.56952601
48.16840283
31.35712979
37.56034989
43.74112398
47.82042532
43.5834171
43.50499133
66.17424552
49.54169993
37.08977681
39.08037947
32.85110703
67.63480094
49.10154493
49.01445527
53.00498177
34.59585277
58.91233872
56.78070876
58.70521027
42.43607147
40.34451054
40.27396374
64.32586312
44.14697251
44.07018354
45.99337451
51.90239153
53.80537796
23.87219661
43.69023095
53.52753588
33.6446129
37.53830324
61.14183165
57.09942691
47.17406224
37.28251449
41.13691534
66.48955834
50.75878837
29.23437316
70.04399565
46.61726497
52.35614922
15.48686625
46.38266197
61.73998352
67.41521271
24.99814473
47.9932564
63.24572164
47.83386117
34.38328472
38.14042159
70.44319665
53.22043252
43.6447928
49.25647976
60.52385897
49.0950575
45.24437974
62.10942153
62.00815412
54.40331304
26.22098708
48.61711231
41.0709227
65.23444071
48.38163222
57.59281094
59.35497356
72.22265308
40.67563482
73.83726615
71.87623326
49.68103961
53.27607693
67.86477416
76.91331532
63.9927763
36.50939831
63.79044011
52.77151045
69.03990603
27.20971631
52.52281576
61.4818961
74.02383936
36.05273681
71.99292203
88.05388624
75.35732005
44.78586171
62.60295064
80.36485461
65.97559556
35.60742663
58.66169099
65.67097327
60.25356924
53.08334567
79.50304325
59.97709067
89.82824665
52.75957588
59.70315409
63.11901256
70.02579377
38.45582186
68.06853465
64.4802784
60.90284969
33.0117511
67.65905969
74.48643542
55.34865754
48.35757474
70.7034638
67.15413787
72.21206742
44.63619147
58.2836808
68.46731348
70.07504152
47.78534386
47.71477233
57.8539269
78.15770809
52.59405921
40.65820527
67.66434282
69.25443562
74.2132103
60.63128718
75.67866891
75.56855254
43.59839377
53.58171394
70.22412271
88.48797061
33.34345636
58.26689022
49.87112228
63.0792453
44.75510422
72.82966469
89.25388424
79.22335638
54.38829898
55.95654453
90.38908507
62.36186877
67.18966802
68.73088426
73.5360068
71.80025338
68.43988052
102.5151454
94.24620727
81.13255858
71.29646448
97.08621868
105.0295675
114.564303
75.73252472
83.67243132
80.34232092
112.3229723
99.34803146
97.61021973
81.4956367
75.0000597
81.27076347
49.33181674
69.92302073
73.00090801
60.22236197
69.63562107
83.76451215
96.27649519
45.70834555
75.55211562
89.59606916
72.20735844
73.67698134
89.23186589
84.42106798
99.91940238
98.22543961
102.7641772
116.6203286
100.9351278
68.23362399
82.08035143
92.79679085
71.04911937
70.95428841
89.34485479
70.76539037
101.3979826
75.18038471
76.61297576
71.92085217
82.52321528
56.46902529
74.68469374
76.10851601
66.88741587
50.09967828
74.29286307
77.22394251
72.58628473
61.9197908
73.90515823
69.28995872
78.22586332
60.09554958
69.02019736
77.9217143
85.30363602
50.81710004
61.20033923
105.8444451
72.95352576
66.91198851
77.22122998
88.9871503
81.46707874
63.61097328
87.16867634
82.63081631
82.52553336
57.4000056
69.08645635
60.19041834
86.50569018
58.57368198
87.74944188
75.95349146
91.90453462
53.90770097
80.03227714
74.11852341
97.24923239
75.38244447
76.73596005
89.65440501
60.65782126
69.23680477
74.91315276
71.94230917
96.28297356
73.19912224
73.10844728
115.969763
95.80707862
62.84043638
104.1294972
84.05585905
96.75883521
73.90119682
73.81056828
93.56790044
92.0374789
82.02541234
111.5879381
107.2195911
107.0890825
73.18240147
81.52741446
105.295535
91.14560182
85.43316853
107.7115737
101.9929423
89.31070019
83.62799309
87.70382213
105.6743903
111.1027919
81.8401585
78.97132178
99.63404992
81.54712766
89.73296428
108.93022
101.9145684
114.1738195
83.81134033
89.20135377
84.98368116
84.88323471
92.98783716
94.24405085
91.40456673
109.0114036
88.46770651
88.36389447
85.54462605
82.731961
58.2510621
75.77325364
78.38789895
89.09609955
79.55383065
76.76776032
82.05959693
100.7759582
88.58013413
104.5645137
117.8339149
94.96082781
80.15608436
81.3981939
98.63179405
89.19918423
93.08625813
98.29270583
104.8139972
88.79125586
58.24408902
88.58870379
93.77063036
100.2599764
72.4740932
85.55396196
93.34527948
111.6248147
73.45785394
87.78775949
98.15895963
88.89711839
94.0203622
100.4364526
93.80908845
96.30669517
76.69899492
127.2556861
121.925064
97.17196301
77.65082824
91.78440013
102.0126084
113.5079344
114.6702852
110.6820575
100.2748012
106.584556
74.39841925
96.09859732
106.231788
103.5577422
84.28750256
80.36779171
75.18241485
95.46602361
85.18952945
69.85515931
110.3773506
108.9894877
84.81778776
108.7519612
103.5808656
83.27932267
75.62625429
101.9846891
100.6164721
104.2765983
82.82908905
95.27594152
98.92999231
88.81595268
88.72034909
104.852058
94.76425668
93.41702681
94.56113844
96.94569691
108.0161098
99.2190631
97.8742822
110.1459104
107.5560888
90.15223378
90.0564618
103.5166473
88.63450047
68.86494847
94.58914938
112.8961979
106.6478571
101.6372399
100.3069459
116.087014
108.6409152
104.868662
102.3224476
111.9500548
116.6952168
98.35867472
73.99524284
103.0005853
130.7349815
110.0416817
100.2633416
109.8131155
119.3430782
134.8744741
105.8630968
126.1832997
139.258498
133.1184676
101.8324858
102.9244215
119.5564526
107.4902419
101.4143562
127.5318744
113.1132532
126.0814353
110.5055491
96.14849341
128.0672289
116.0907428
93.48809858
119.4012282
125.1848958
121.5185
81.32308296
117.7402006
91.74446249
99.87691688
105.6452833
110.2293667
103.0895021
98.30459557
88.8528464
109.786585
103.8425993
106.0697408
98.97694884
108.1841292
98.77918706
120.7386247
82.34515345
115.8635814
98.38606073
85.56861594
94.72513292
107.3256047
132.5829571
116.3271638
100.1035229
121.8447316
107.9443617
135.3710416
99.70917108
98.4661208
125.8212572
123.4123099
103.8843054
111.7657861
108.2383318
121.7913307
102.3412339
121.5536169
139.5936347
149.66757
116.668012
159.5610029
160.5365684
149.0868155
121.8573001
162.3247446
150.9064979
144.0104712
111.2712459
113.4096908
123.3965255
137.846971
120.920005
106.2626656
128.5103347
112.757416
114.8801263
141.5183801
135.8115236
122.3361043
107.7753087
115.4428045
141.9537464
128.5182243
109.5794535
127.1684533
128.1526397
115.8903535
103.6512793
114.5695953
112.2602072
111.0547324
94.47231896
109.7480853
126.0915602
111.7326177
97.40064408
101.6827275
113.6031542
102.5836413
99.21680777
123.0881642
116.4437048
91.32849497
120.5716384
110.6924281
110.5894918
122.401988
115.795193
113.5254324
120.9816178
111.1569124
109.9759424
124.9551512
110.8491682
122.5743183
112.7934131
123.4219675
117.9472655
131.765359
86.69269093
118.6921915
113.2418925
104.5995437
89.5747981
108.6700676
131.9881799
114.8526643
88.18602129
109.3361035
120.9027845
108.0779452
111.1557757
113.1703634
123.6349798
109.7983407
118.1374973
107.4923578
108.4482837
116.7661189
110.3549807
124.9564679
104.9110619
95.38334377
96.34500624
118.2307431
122.3062902
122.1968781
111.6528221
136.5796001
112.4952327
135.2954449
108.1358189
108.0396195
123.5123819
128.5876935
104.6438323
114.9026745
126.1775934
115.732687
112.5331483
121.717294
139.1351294
113.2652379
104.9352719
157.2695548
163.2931169
140.5762412
152.7548865
192.5674048
203.6558179
264.8260985
209.4292005
233.7427979
243.7367955
248.6188292
195.4651575
203.4321248
196.1414815
189.8788796
140.0042292
165.2229955
136.7234443
143.6880611
116.262361
127.2780944
137.2605344
128.0668984
107.80166
116.7684712
139.8055126
146.7196243
109.4394529
124.3931231
115.2657102
121.1757166
101.0601336
115.9698465
116.8696879
122.7581666
95.72956913
145.4696914
141.3639499
129.3080804
93.41666607
115.1822949
125.0106664
110.0307694
103.9950515
102.9175037
119.6393727
119.5383627
116.4762658
128.2180915
106.4258558
111.2592948
99.36055707
110.0894675
124.7337536
99.11064208
112.7542234
126.3798688
131.1683505
126.168695
103.5829472
112.2840024
115.1171458
129.6475307
104.2122205
118.7226569
115.7070857
117.5541306
106.7788037
111.539928
114.3549562
127.8215682
114.1660179
113.1050778
112.045891
117.744272
105.1111475
109.8423357
119.3794376
126.9817964
88.42650515
123.8925039
130.5081161
110.2617674
100.5914748
114.8677709
112.861113
111.8134015
114.5869665
119.2690173
116.3072181
122.8853929
109.4557904
127.4410631
117.8305347
112.9877093
90.12727187
108.0652709
110.8194854
121.1452723
115.3689479
121.8948916
127.4614844
125.4722071
114.9979626
129.0380441
143.9919823
160.8026204
118.3924504
153.0345063
146.3455294
151.8525724
134.8728049
131.9576899
178.6070471
142.9596346
109.2315028
137.1351174
148.2115927
147.1625578
136.8087879
127.4013363
110.57081
147.6252208
134.5207534
142.7571776
147.2756731
166.5950874
137.7958487
170.0289486
165.2786064
185.4457387
160.4096622
124.3591456
173.0440362
146.2371312
147.0416449
158.8640583
179.8434506
157.6991328
136.5054876
162.9456544
162.8187337
201.9929152
158.9124445
173.3898332
167.7841444
170.3874019
150.2258294
168.3040201
170.9008468
176.2186229
138.8701296
154.1805258
147.7180738
148.5097449
128.4892886
140.144059
146.3603262
181.454627
119.0743099
173.9654587
199.9513154
223.1974652
179.8611036
199.4926979
235.2566678
209.057611
201.7258521
214.1141105
192.4668951
211.9993025
173.404177
170.5930523
162.431464
144.4726895
132.7788623
163.8433242
171.7271544
139.590366
119.0514738
122.5125744
149.9193636
140.0559615
128.435949
118.6035631
137.0868545
122.8440583
126.2841495
117.3653058
113.7503426
107.4931182
120.6235664
156.6040981
118.6851011
135.2872463
124.6526778
130.6998272
112.1960468
125.2502344
124.2819099
125.0641153
130.2146352
112.6531179
122.1682035
123.8216247
142.0274403
118.4145125
119.1970336
106.0640203
130.3147165
134.5591265
98.88997697
129.1601343
124.7342407
126.3736599
107.2485639
124.4596529
115.7320051
109.6061695
90.54937025
130.9894168
120.5603016
119.6117631
114.3653261
138.3403749
129.6535273
138.1389148
120.8913148
128.5140107
148.1111637
133.4603614
117.9759496
144.372121
128.0486144
132.2210072
120.1918757
130.3263732
136.1904225
130.1383219
118.9953334
105.3161838
128.1598644
113.6499465
127.9756427
114.3335903
126.0994126
118.3979651
138.594657
115.6950451
126.5823801
134.0811474
114.6044447
125.4692532
128.7455461
132.8580194
122.6804215
136.867167
147.677527
154.2802438
119.8183773
134.8041698
143.0753296
137.957484
136.1888439
172.828006
165.1970731
134.2328132
155.799448
174.8380396
140.6046465
149.6506968
119.6371421
149.4402341
144.3575286
130.9916186
124.2720918
127.496457
146.4348607
137.238508
128.8811604
135.3955327
151.8005773
123.6648604
118.6356324
138.3110925
120.9384399
139.7628102
128.1640863
132.1798676
149.316435
142.6542084
141.7360431
140.0004621
145.6304175
152.070147
165.8539263
197.5801256
228.4466644
211.983018
189.0241406
205.1775602
197.7137659
191.0733048
192.5669952
189.1869768
168.7724832
192.1708278
150.715138
161.9480157
181.2571841
160.1093257
119.5969295
159.8906937
136.3798428
131.4484219
118.4651449
156.2340368
147.2753791
135.9162626
114.1248966
125.2911464
141.2577187
134.7457016
127.4410196
145.7765712
136.873505
127.1826122
125.4980663
141.3890863
134.9077567
132.423713
103.6363436
142.6017429
141.7097487
151.1613009
104.9480193
141.4244666
145.2994583
139.6480724
124.4894452
145.0077855
133.8250586
140.8574499
127.3200856
139.0889759
151.631906
143.6388544
141.1771921
170.2449162
152.0162738
144.831333
152.6010113
158.788263
169.6805555
214.3142618
211.0343865
330.0637967
445.7980737
772.7824552
557.8830697
727.1938895
778.2867044
883.1969861
766.3368855
743.9968566
719.3481954
620.7391948
545.6131283
546.8108454
519.2469692
414.8132049
324.4931114
314.9715784
310.8893641
240.9540648
199.7613347
184.1560581
200.2741497
176.9614751
149.8179679
176.7312525
161.9629334
144.9016075
150.1991769
164.7266717
153.8506197
142.9886629
139.8231527
185.7971682
180.3063529
140.3189259
135.6308223
150.8585286
145.4044174
133.8391512
143.6886471
151.9978962
141.2140083
141.8860999
141.7950147
145.5131969
146.9425936
162.8263726
145.2337133
139.0617628
145.8074025
170.7582341
135.0032826
174.3300424
149.9802722
161.2393318
149.7892857
176.9103819
166.9760032
169.8901106
169.0276677
181.7399835
167.3060786
184.5222037
199.4585519
239.9502349
246.5638689
350.0819167
311.5721705
494.4487016
593.1119702
807.802147
679.9860449
908.5708556
976.8085072
925.3676524
868.7625488
881.6545579
887.0699391
722.4824649
687.0095748
628.4933326
598.3329306
508.7129676
454.1340985
412.2544913
368.2001797
342.0054827
280.2562791
250.4405851
252.506194
239.0289035
180.4554347
198.0817135
183.1860306
179.3815339
149.0237307
181.3711535
172.4171914
158.3198307
159.6937815
172.0977085
156.5566839
157.1946568
142.4160726
173.8745387
140.0411915
153.1441787
151.5854743
161.7379603
163.1014235
173.9653267
144.6393347
186.1627444
179.4824568
176.4560613
169.0611946
166.7731285
203.7894022
184.0262539
190.4562849
182.3489742
192.4023699
208.973852
207.3964373
292.7896365
366.4871726
466.8805265
385.5740015
499.5701415
574.4088299
614.4972705
561.445809
597.887627
629.9644226
637.5076269
526.2552082
527.3767389
517.7115022
420.3856588
378.4791513
351.6954275
331.3996143
281.019711
209.9200169
240.5824344
223.9798625
213.8335481
180.1135603
182.1486598
152.7711699
170.5158832
165.4229393
156.7731355
141.0120166
137.3692625
115.2366522
145.02551
157.72767
139.882727
134.8322392
148.22704
134.6722137
153.0097651
133.8046415
147.8758548
166.8801451
151.2343426
120.06914
131.2918271
151.6719135
139.5971207
143.0378257
131.6865469
155.537273
137.1584225
122.3159182
143.3199818
159.3845423
176.8336623
164.8079116
156.3006869
166.7162227
162.4182336
149.7294323
146.8449021
162.1334883
151.5623837
136.1174797
173.0115974
170.8191336
159.5708214
151.8175853
146.8573345
166.2483377
176.5794584
173.0030391
224.2863375
195.7034363
247.6077134
207.9537475
220.9959397
253.4092874
283.020764
225.4538497
231.5441769
247.2982281
202.9719969
189.0556015
197.9111832
187.4596181
185.2854506
154.8900132
161.6809265
167.7764527
158.7465933
122.9416688
166.8016012
159.8458871
156.3262723
132.2536577
136.2871175
141.0004247
160.0736297
127.8497918
151.0084367
154.3368456
154.2489562
118.6912443
130.8948065
164.2059939
149.8127353
113.657746
139.440058
144.799342
154.9084124
134.4499929
142.5175699
153.9673007
147.1015554
140.2435715
143.5499305
144.1456656
134.5955918
135.1957099
138.4974802
149.8979474
142.3906063
120.7284341
130.0974935
148.8876182
142.7443248
128.5327788
132.4960628
132.4218608
144.4401265
132.9451411
132.8708247
149.5634187
126.0194679
135.9980195
145.9654462
147.2224565
141.1212152
135.0267704
115.5778905
138.8827729
142.8095226
127.3904212
147.3170704
157.8947053
163.799746
141.0830276
129.033095
144.9153254
136.862806
142.0991766
146.0025027
155.8709225
133.9092329
129.1976739
153.6267993
146.2623584
153.4577397
130.896711
126.86049
147.2617172
175.5604226
127.3113371
135.8119943
137.7142973
144.8828694
144.1454022
151.9604475
167.6565181
145.2233837
131.3524428
156.2235035
181.067446
154.0862212
142.8619504
155.8833612
168.8906105
175.3412602
146.4748038
124.1750573
162.645359
157.3345381
138.9800185
151.2950094
172.0696367
157.6454356
156.2580729
168.5371227
151.536782
161.8551119
156.5705502
155.8368375
158.9976611
168.6411592
141.9718164
147.7266497
152.8277394
149.5095766
147.4887135
138.3583136
172.5312605
162.7514095
145.2362769
167.7382522
172.1620482
186.2477924
166.8252611
196.3489798
219.4070606
201.2840798
210.8176904
214.5596874
221.5079193
210.4811354
156.4949836
163.4630164
177.4711136
174.1752099
177.2827943
171.4318599
170.7016936
161.0265634
154.5548975
155.1114446
157.5813124
155.5851577
138.9333467
145.2296039
143.8797592
166.7102264
134.1888866
127.7620696
148.6591424
158.1051788
138.9836564
149.6934216
144.5432527
160.9414066
129.8261528
148.1136931
141.0773024
154.2815085
135.2420695
128.2234598
179.2915176
148.2804832
138.743519
138.6711449
151.8284402
139.7859402
144.1184194
145.9304061
148.9978515
140.1235981
124.3503896
150.648817
151.8253702
146.7303152
152.2946885
144.6991204
164.6582932
151.4325258
132.5916831
143.7748552
134.9537874
151.7442428
142.9281746
169.6780904
157.7444584
155.7937235
143.2566937
162.4811505
171.108423
162.3141546
162.8523547
183.8910252
157.0969461
160.1194318
143.9098992
172.3548326
161.1128643
170.3204896
139.9014671
155.9162643
178.0985807
167.5004697
156.2954195
176.5913063
177.1184608
199.8503338
178.1711763
195.9499197
190.3074651
204.9841936
198.1124011
221.3793618
200.9845478
199.6540482
189.1149106
201.2929297
215.2987637
191.280231
175.8645971
181.9002385
191.6026257
181.1048268
170.0061006
181.533468
180.220209
183.1824641
164.171275
152.4990195
177.4191397
159.6582562
151.6602533
152.1929143
158.8095876
145.3507082
156.2191013
157.3559719
163.9568363
161.447114
171.6791205
181.2945833
196.3546626
197.4681316
180.4179226
174.2768281
180.238176
185.5890788
154.6818189
157.6244651
174.4472999
170.1374507
169.4499705
165.1468886
184.9447189
175.8212939
161.89236
150.9848293
163.5358167
150.8354928
146.5565375
156.0894626
156.0124009
167.9302216
144.4690777
160.5748909
160.4957905
152.6355073
114.2714826
143.5158216
147.6290146
153.5303186
136.7364384
162.3315833
169.4100144
173.5004551
160.3052371
138.7841621
165.5063649
186.8470305
173.0763581
187.8533866
171.7189899
171.6351905
182.8297537
171.4678524
185.0236595
187.8971971
155.8141115
184.1615083
172.2347457
162.6858753
150.189849
182.6219578
176.626241
180.0831745
146.948029
172.8304907
194.5609152
164.413294
152.5538144
171.90769
171.2362371
173.5061703
158.7258973
168.0506363
176.7790969
171.9978476
162.5273606
166.554307
164.7157205
178.6977962
170.413516
174.4289629
191.3114732
178.9397531
173.5936653
175.847313
181.0184127
179.1808706
162.1776688
180.1757417
177.1756423
156.7026106
147.8940994
172.2663464
173.9293095
166.8694457
156.3294726
157.4167986
168.3730703
167.712714
135.7310984
180.3081284
162.2585308
162.1815583
155.1574451
142.3533883
163.6862674
186.7332926
162.3757017
161.1437899
201.4781434
179.456204
193.213434
220.2195123
233.3683501
248.8085289
256.7505743
257.7804688
254.7835672
251.7894925
233.8591992
228.5805499
242.2501483
230.0872965
203.5954866
214.9675327
190.2265373
187.8466724
180.8896294
156.7743408
181.2923576
164.0589186
172.5526448
173.0431831
160.9751468
172.8817879
151.7004213
169.3005588
160.6753265
166.8650077
141.172025
149.0719253
170.0446264
179.6291038
163.0686989
179.4624526
183.920426
172.4875259
151.4241628
169.4935457
176.2142877
164.2397869
166.4281743
166.3513006
164.0123033
167.8936481
157.0806831
160.9616547
175.5647006
183.3833309
140.4358454
168.5576826
162.8454988
164.4603068
148.0591747
145.1777487
166.4836936
160.2234061
160.1499803
163.4466018
167.3016152
152.6352045
150.882727
142.9648652
149.0637279
148.4355428
152.2868791
136.5482665
151.5886686
155.9924196
150.3329006
143.5613512
146.2877388
147.8954802
137.2294609
143.300494
183.3628743
136.4855754
141.9918782
141.9275176
164.6721527
171.270352
140.6231874
147.2263054
151.0469106
161.5247683
138.1498958
146.4058956
151.3286077
153.4765989
141.2236653
153.8918838
145.5229673
141.5860653
128.2549217
138.1433936
175.0863827
153.4771754
141.2682848
151.1331891
163.1945462
152.0998827
154.7859057
151.9636972
150.7950293
145.7767766
134.1648772
124.7617539
158.2166237
145.5165165
156.4288804
156.3591399
165.0634578
149.0941664
144.0968221
150.6044213
143.9686622
158.1307215
145.4814855
137.7635147
154.6416211
161.6734327
128.2992569
155.5274467
155.4585688
164.6584568
142.7865521
137.2760591
172.0630495
156.747926
136.5502063
141.9276869
159.2581759
156.4714974
130.8789696
149.8198869
174.7124801
167.0428825
162.0905337
160.3937121
171.6973495
171.0805813
143.4069542
159.0304684
168.692879
165.3763455
149.0979202
161.9917858
165.1592811
148.3628299
145.601711
152.5453698
175.6465114
171.8000158
131.3514806
138.2892601
166.7348213
147.3081999
145.6319481
146.642877
151.9482111
159.3956446
149.6704203
151.2140682
159.7240936
165.5480142
160.6566268
172.3631982
180.3142894
185.0495962
162.5169094
162.4466316
166.6494129
180.9925431
155.2985742
171.2345305
165.8286437
170.0209305
161.4237785
145.3788482
180.4470261
148.9781264
136.1502237
148.850049
167.9153994
152.4401985
125.2981938
154.4321489
153.8354759
156.9509338
134.0935527
153.108104
163.1040371
166.2102192
136.509724
148.0865626
161.7680987
145.3180405
149.4815969
166.8408309
173.1026496
166.1711604
149.2269833
152.8529674
158.0564092
166.9417847
166.870845
173.1140656
189.3450634
178.2244346
172.3682948
156.0114784
165.3964566
167.9506043
182.0441316
200.8479018
202.8596627
207.4894799
202.164545
186.8948499
195.7118548
213.4161651
183.5213847
207.4874251
217.3257346
195.2998616
186.3442761
183.1354344
199.2283891
170.4701669
181.3414434
197.4149028
223.8853064
230.5570606
219.0157053
221.5239468
228.7081087
268.6186596
251.3679345
249.1863358
262.5738817
279.5811085
249.3927186
221.8208336
245.0403371
225.2607004
201.3566487
204.8945796
228.5996746
201.1053218
198.9546898
176.6583167
201.3709993
194.0618716
178.5019321
197.5106298
178.3539111
177.7647481
159.1497047
162.1727732
188.8655423
174.8986243
175.3405098
178.3519107
179.8195412
200.2899092
197.6405776
210.3872508
212.352194
239.9507396
229.6020671
228.9952834
251.9442944
222.1527636
217.9682566
211.2299924
240.2833954
230.9864144
197.6889524
199.1397056
217.9426138
181.1176008
173.9038101
168.7349914
184.462251
174.7092129
156.8178987
177.1111651
171.9516152
170.8644209
146.9041636
154.4658257
163.0371223
171.0937536
150.2173333
156.2435305
168.3496674
159.6645613
146.4265981
145.3542368
164.0263593
175.5987628
156.305801
147.1410991
171.8473693
152.0741572
140.902242
152.9607503
152.394299
157.8811656
163.8678052
151.7057123
158.6976096
165.1802806
143.9714049
153.977089
158.4419134
159.8864694
133.1855316
144.1842235
179.7805711
166.1551031
152.5405847
173.0436642
154.9250115
157.3687131
153.7988759
164.7540793
152.173999
169.1254571
136.5471607
164.9904816
178.9179206
175.8490574
163.294723
165.2262091
176.6365162
176.566083
149.573017
156.4906092
166.3917252
166.8234761
150.8283136
168.6811171
179.0590451
162.083737
135.1822273
166.9229543
187.2194158
160.3374736
155.8081645
169.1384447
177.0043355
179.9079327
166.4606661
173.8230853
174.2494146
161.3151594
143.4448341
155.7490698
166.066649
158.5905219
158.0341791
163.4021344
160.8705041
143.5428895
145.9517921
156.2448565
169.4859433
148.2422617
145.722577
150.5864419
157.414142
176.0377414
145.4941515
147.402502
156.1853387
164.4703578
156.5539216
158.945547
147.6048523
162.7428437
158.7593892
155.2688475
159.1251585
169.8303123
154.1088825
143.2900659
177.4534979
153.9289795
159.2422364
150.3913705
176.2014952
155.6414125
157.0441157
171.6087167
188.1137772
165.142847
182.6115347
180.5913284
187.3358911
198.9366663
174.0612144
204.6149745
176.3558104
183.0890104
172.8215217
168.3875032
186.7577401
188.6252894
174.9786258
153.5927108
178.2341827
179.6180206
151.4796734
174.1584844
179.4109571
157.5892668
164.2937069
142.4945749
173.8244609
161.6914777
172.726309
154.8156406
178.379254
169.1546121
141.6312617
161.3205302
175.6997671
162.6408345
182.3019491
185.5980671
191.2948173
208.0374632
189.7082392
209.3192204
205.880259
231.7064486
208.1212947
222.422636
230.4839482
214.1109264
192.4835129
208.6835874
202.8631584
194.1776001
206.534016
177.7796446
193.4793168
195.7937686
168.0308181
171.3074992
168.8577966
174.992575
169.206914
165.3314356
171.4606167
164.7306617
143.7283685
155.0918559
164.5445684
155.4504875
159.668788
137.7578775
161.4481243
183.2243009
165.1227427
137.0767291
184.9145819
173.9420218
142.1340775
154.8678893
167.1187509
174.628043
168.88595
158.8921797
177.2708249
189.4904503
168.6336365
180.8497346
192.5823578
206.1935473
181.5907749
194.2529753
202.6640427
244.047626
254.3177172
273.0541238
325.6621489
363.6455588
387.9635059
432.008936
489.1765736
605.9594844
586.013609
586.7352012
653.6165149
686.6757307
672.8247364
722.256374
708.4025088
693.1538926
642.3337042
612.6130403
635.7778963
611.693378
496.4668525
486.0032268
497.5024196
392.718373
397.2416795
338.3021631
320.919384
297.9541428
264.2831644
260.4586786
256.1712513
218.3647467
195.4792867
202.8515488
204.6375178
216.1851762
187.2925139
210.4521827
228.4865792
220.5112292
253.8425878
240.2971935
244.8466171
263.2991266
256.7157938
254.3061471
280.1436906
266.6183745
266.0585881
263.1865467
269.1015544
266.2305114
247.6525531
252.6430573
279.7912629
273.2283293
255.5975485
254.1212762
283.0737045
260.8499727
244.6313258
237.1743827
274.8378489
244.3658554
214.375928
220.2766126
228.9311927
224.7128023
192.0171346
166.6898776
198.3050609
194.1038186
177.9794582
176.5397705
175.5594926
181.4529703
159.857631
163.4631586
160.2004641
163.8032884
166.9461506
139.4532679
170.0257599
166.3096984
178.5839562
157.9724549
170.6950343
172.0049336
184.7134009
184.6473578
200.5324498
197.7273196
202.6663343
203.0492575
211.6236195
227.0158598
231.9374162
206.8513245
226.7733018
243.5011097
203.4516456
231.0709384
237.3419952
232.7212698
253.0451093
209.4368651
226.1293095
231.48504
218.723599
205.5185364
235.7641486
241.1089085
196.7086248
215.1724016
237.6899878
233.5405482
197.3336999
202.2293524
232.3907362
231.857662
236.7359758
216.8191608
239.7233209
227.0265481
240.0047957
226.4166283
240.7358688
261.7921511
258.1029518
235.5377341
245.7896863
245.2542402
242.0250707
226.2300848
241.8553874
220.2404499
210.7471539
212.4663035
218.2169301
206.4947335
198.8105938
201.4267472
196.8818998
211.5738082
173.0462411
179.2435985
197.9477254
192.9653743
173.6980803
183.9038167
192.3176441
174.4088476
180.5906763
176.0705269
196.5061163
202.6738436
174.9965779
174.0456118
190.0039296
175.2593396
160.9674078
164.0231516
191.9624511
176.79343
169.1835868
170.4567364
169.5103471
182.3155792
173.3840863
159.1372719
183.4561813
176.7483913
166.0599011
168.215981
187.6284509
171.1966301
171.5799112
172.8470393
182.0675141
159.9152804
147.9372148
165.1027761
160.191865
180.8727939
156.9950311
161.790444
176.720621
152.4282998
148.8530111
157.166554
171.1977274
176.4184059
187.7925077
147.7194034
177.1166056
172.6627985
175.2389876
174.740182
175.1194918
187.7831397
162.2789947
174.5021567
191.5359732
192.7852268
177.3900435
175.1405446
186.4610208
191.6482111
174.0873727
181.4614828
171.7837839
170.4146941
155.503508
190.3852955
171.9875932
191.1291313
182.7764745
176.6097867
178.2937503
184.3342623
153.7763639
163.3070531
178.0530613
188.872506
174.0176926
171.7846129
173.9004456
196.8753637
177.2589582
171.9877049
223.5943554
218.7450908
225.1795452
229.8748126
228.4969224
236.6553531
240.4755037
232.1652885
247.2421622
254.5177153
238.8552527
242.6683084
234.3713007
250.7190566
236.8073303
231.1124886
232.7626296
214.5539622
214.9139057
218.7248269
225.1207586
176.3298642
188.7692542
189.998871
186.4901591
191.594587
186.7964997
165.221715
176.779799
196.9295661
156.4584742
156.8362299
178.263341
153.726427
162.2627201
161.7798452
174.166418
159.9552679
160.7618548
162.4228604
171.3656297
161.4589746
147.7036466
169.4839395
170.2836736
166.8059199
157.7701064
161.1395506
161.9410007
143.091676
153.2923814
157.5104517
163.4347308
156.1271493
137.3128749
156.4508471
158.1040715
161.8883997
147.3535329
135.8104542
161.3035679
172.3124687
143.3326121
158.1667611
170.018087
177.1856879
150.3659552
154.9875978
183.3791708
162.5265996
152.2905741
149.2724322
166.6067863
197.9126872
176.6657467
170.6790411
185.0181328
201.0408343
176.0126822
176.8013542
183.5090285
195.7072497
167.7555477
196.8473818
169.3357398
196.2975136
169.2259057
188.9985836
185.1418122
207.0044823
209.0447274
235.9413176
260.7146132
272.0005994
264.3363471
261.3034404
282.6735849
253.9862305
251.8024543
246.6784932
281.4688068
275.4986874
263.6549061
220.3401041
243.3445637
235.2973417
216.7732407
231.3737255
229.6233258
198.5525671
184.2515248
177.4946399
206.312494
189.9310348
172.7236695
176.4309863
200.6149499
168.7975232
180.0206418
179.5455214
192.8450592
190.2797993
167.6935695
179.3161478
184.2613675
178.7849749
193.7257539
170.7579917
179.8630562
166.0709178
171.8430875
166.3811416
172.5653599
171.2634478
163.7291824
160.3538474
169.0238328
169.3853195
147.3335255
153.0951986
158.4405409
146.7787898
160.4125979
147.9288972
163.624866
172.6832574
151.5142174
139.4650464
175.4154532
167.9156816
145.1211334
159.5433854
176.8467606
179.2693035
158.1537036
150.2587312
173.7352529
179.0434768
150.5292383
164.9135113
184.2324065
184.1744907
180.4096537
188.1763389
197.584657
215.2170141
205.2766684
199.0437132
207.6146296
216.180181
200.5000814
194.6871771
218.4407745
201.9537704
203.5319754
205.5194101
204.2249529
213.1801596
195.9009183
179.8615618
198.6456931
211.6859198
182.149265
180.864956
196.7619746
199.9721875
167.6143324
161.4320246
169.1443091
180.1191993
190.2706811
173.476602
196.2732166
196.2123194
187.5878586
163.4775037
196.4374282
189.4505783
178.3952042
176.7113508
197.4153962
192.4714508
178.9881462
156.973398
172.7796092
172.7262631
163.7348007
157.5919722
160.791608
175.3545881
163.9387469
154.9638669
189.3861279
188.9224403
177.1112163
169.3588113
185.913001
187.0705973
184.5844539
186.5510732
192.9663558
192.5027543
184.7623121
175.8141372
190.7096524
200.345173
188.9777237
192.9565594
190.4762805
175.894939
177.0510685
164.095442
174.5246266
159.9659848
182.8769951
155.841586
169.0784939
180.6975959
162.9407768
150.0190524
162.0374383
146.3102427
145.4620954
151.8470997
156.619903
158.1781534
172.1768565
162.4954709
157.6330664
150.3677958
157.1366339
151.4788352
157.8426391
158.1953283
156.1456298
162.5022587
166.8544426
172.004
147.9572748
153.9109548
149.8681052
167.8011358
149.3762747
144.5399129
174.0358528
169.5940194
155.1819881
166.7003193
167.048821
190.1147574
185.6747954
186.4156094
200.6946393
206.2074216
196.1965915
188.9766371
207.6126792
212.3216002
199.5386126
195.9025781
202.1997587
205.316196
188.1835988
183.3646836
196.0063593
190.7913509
170.1148401
175.6137738
192.6018984
192.1482419
169.5157494
159.5667606
183.6641807
174.5083187
166.5446675
145.9288789
175.1431884
183.3909248
167.5318675
187.2318447
206.9201195
234.0971613
232.4490818
214.2318718
240.9881637
258.6618354
234.5384724
223.8293857
252.128894
251.2665934
226.7803041
230.2555457
241.9917369
205.3377427
205.6703115
204.4301806
208.6929468
190.9510641
177.5402297
186.9117996
188.8194406
167.9648968
160.0690914
158.4531579
179.1870624
171.6869106
153.6110898
157.4833323
156.6538071
159.3483613
146.3835912
165.1240185
162.3374191
169.3287182
158.3328798
171.1835823
166.0542534
156.2408257
167.9094364
182.6941342
191.6164459
161.9101324
173.1734428
194.5677748
183.9865334
169.5146752
166.7382548
165.9107222
156.9075558
163.0894422
158.7617005
176.2204267
171.1136209
168.7312003
155.856363
166.6903564
162.3691459
180.1847369
163.0512622
162.61584
180.0278826
173.7697457
170.2295474
158.163207
167.4181846
171.2439143
156.4766137
152.9465682
163.7407037
171.0458473
164.8066397
158.9577913
165.8713642
160.0255954
155.3424482
162.6373985
172.6314879
166.4044508
154.0055024
146.6298528
172.0469326
173.1543335
145.3467364
168.429788
172.2344122
162.5551155
150.5708919
163.6166949
162.8000218
155.8278137
149.6288892
151.1241224
161.0757388
169.4844209
155.2205123
173.2283101
173.9467164
166.6034459
161.9507009
154.6150649
169.1454678
151.4593228
156.3992869
164.4021399
167.4200871
166.2233809
156.6038868
157.3248341
162.6373819
159.1480701
155.6607487
144.5286018
162.0701885
149.4140633
161.9781123
150.856836
166.467736
158.7867136
145.0047505
148.0154286
175.0504078
179.1946492
163.5167935
158.1359325
158.4721231
157.6656511
167.9004633
167.4724028
155.2489986
147.5972487
155.9219235
159.6797353
182.4391102
170.98868
161.8238655
157.2212477
178.8167563
162.4462635
171.1274799
159.6995953
170.6520214
175.1533967
150.4688485
164.0669439
165.1572606
169.2764589
157.8715778
179.7787817
158.5398037
174.3823676
155.425744
160.2968749
167.4329477
172.6758415
143.5421461
157.8518442
170.6434637
166.0668067
168.2843015
155.0351465
168.9445934
157.9646245
165.0814921
151.8480216
166.1195535
175.4876682
165.2741287
173.5081793
176.4700054
175.2924736
165.4664173
149.2547266
175.5222609
167.2072939
158.521313
165.6124085
179.457239
170.7751013
177.8569215
187.1855067
166.508141
167.961686
173.9120605
158.1266216
185.0537654
176.3893242
163.9857925
151.2148306
172.8756276
165.3463669
173.5282217
161.142606
171.189965
168.9008124
180.8083276
163.5793829
159.8007991
168.341712
150.0109661
156.3115857
172.6783251
165.9196979
163.6376969
154.2767886
166.1556885
163.8755153
153.777587
164.9024094
154.8097412
169.6484787
158.4442675
160.6318708
180.2892518
178.0102438
176.8470455
191.2840494
187.518656
191.922062
197.0652993
195.1564921
194.361467
205.4328227
196.109121
193.8320689
210.0816547
188.9112931
191.8223629
192.8808274
213.1841826
216.0863026
193.8333824
210.791728
229.9590953
228.0487035
185.8635592
222.0146327
209.3981957
189.4045504
183.0785297
197.7890875
211.7538861
181.8235783
173.6629547
172.5102172
200.8384385
161.3649143
177.8950951
180.0563337
194.3639272
178.8552215
163.3548807
157.7937396
187.1680442
160.6496716
171.6318055
163.1351367
163.0912737
173.6966944
151.9901224
154.8854504
175.7583037
154.068672
158.7947411
154.3526628
158.3430784
155.7356525
157.1592589
152.7223961
155.6105922
168.0141834
153.3317252
155.8516154
173.3656063
161.2530155
162.3065969
145.4525908
158.2011022
152.6800859
164.3244087
146.7577361
169.3463206
165.2876997
151.017732
152.8008993
171.7181116
162.9249936
165.0679678
153.0027482
161.7025922
152.5574046
170.7165886
153.9320369
173.5364346
167.6711648
174.1716667
145.4081377
173.716002
163.8604104
154.0100399
149.2486575
158.2849594
165.8647506
160.3783472
160.6987332
162.4695434
181.6418926
169.6329334
158.3550339
159.4000846
176.3800355
154.9712199
132.8479171
151.6326874
166.064312
154.0847718
148.6202954
167.7408815
155.7703585
157.536016
147.7417753
165.3980438
164.2715727
147.6255429
144.7001346
165.5854123
168.4272446
158.2875864
161.4903125
167.5743045
147.7154737
151.999002
152.3193661
165.9592155
157.9981569
161.1951383
143.1676451
166.5052677
167.5404181
138.023707
145.174422
173.8758257
142.9439495
153.3192918
157.2279648
166.8764722
169.3445056
158.1814252
157.4231644
152.3633787
157.6998413
143.6849291
156.5433916
178.3482359
167.9191744
170.7391626
155.6655183
151.6899615
173.1102083
150.538783
133.6968222
154.7495277
157.5678522
157.5271549
145.7020477
165.3001004
154.549859
146.6597898
150.5460748
174.045774
171.5050749
158.9848045
152.5292483
170.3038364
157.081183
177.6942169
163.764468
154.8246294
167.2385338
167.5513254
158.2617773
167.1098066
169.910584
151.3881557
174.4420321
178.6595173
166.1856229
173.598064
168.5849309
174.9285242
170.9818051
153.9155764
161.3217064
177.9398846
171.870263
161.5524574
153.7192063
172.8010413
179.4830484
157.4947211
164.8848785
169.7951495
186.7267706
183.1437352
174.2605893
191.88492
209.8535803
202.3832093
185.3828457
198.750308
211.0522187
199.0022996
201.0683075
212.302325
191.4471084
200.915498
201.9217891
207.8597587
221.5451013
178.1764875
177.0753454
202.7223947
184.3747933
180.4588188
180.764938
176.5002751
166.6137936
180.6281728
170.0430035
184.7519312
172.0642014
176.9356591
151.6214656
176.1448601
173.9958123
169.7436341
178.1157242
180.8751886
172.0688022
174.8284099
173.7337492
180.6936618
191.1509584
174.3030831
167.2611779
198.0037778
188.5113219
176.9257317
167.0937508
188.7193331
191.117855
189.3235948
186.1333897
209.129129
188.8327491
195.0667317
191.5294375
197.0620973
173.6507877
187.2030136
185.4138052
197.5626479
204.8286586
199.5538629
182.4439565
203.9796974
204.2769972
186.4828711
175.6540478
181.8696982
184.9534167
188.7307387
182.4293359
213.3019742
203.5245612
197.2241943
194.3982899
200.9440777
201.2413197
182.4602411
184.4958695
197.6250417
192.0303138
195.7947531
174.2666575
205.0498859
191.4945068
184.5234556
166.8265606
174.3979062
187.8464301
181.920719
167.6995666
192.2015889
157.5948063
167.5758497
168.570937
184.4151732
175.7384926
174.6598338
167.7152478
166.294096
166.2533134
169.6608775
168.9298046
173.3690432
172.9820094
168.8057313
166.3535531
179.741572
178.6648963
167.264025
180.9860951
171.9981636
166.1097757
164.0063041
164.6537651
180.4216826
168.3527451
157.3201546
157.9686334
166.5131376
186.7234901
178.7855576
170.8514928
171.8389014
172.4829335
161.4708365
165.8871698
162.763024
161.0106743
166.4513754
168.1230154
179.7211127
168.3837516
156.709736
156.3297119
188.4387218
170.9559585
152.4561928
164.0384736
179.3733872
163.6176126
164.6025641
161.8315398
180.2241408
171.3082886
164.1025553
165.086227
176.6403671
163.643005
164.2852578
175.1497558
174.766931
171.3190067
158.6790906
166.4706914
182.7671041
181.7024153
154.7846691
159.8489652
165.9308814
177.4488248
161.7730693
155.9581872
161.0161565
191.5423074
164.6738353
151.396048
158.8258354
173.0377337
148.913026
167.8682008
156.9788198
161.0088339
164.6980506
147.3800954
164.9581772
159.5006705
161.8325289
157.3938005
174.9527615
171.8662839
146.4579518
168.0648142
153.8258398
173.3927371
158.1455442
159.7971184
169.2161644
188.4231689
156.6450115
162.3455087
177.8287646
164.9673187
172.685422
169.2726123
169.232523
167.5073076
169.4893672
167.4280471
175.8082255
188.2249824
171.0122841
156.5001414
181.3621674
162.1449375
146.6362356
167.4481917
179.8464545
179.8040628
172.3697649
168.6340698
171.6169124
168.2189233
171.5361506
140.6204531
164.7450306
167.3898628
161.9846949
156.2467847
156.8805183
157.8490882
153.7914535
161.79471
171.468685
152.6788768
175.0704448
153.2766827
151.9024847
182.9755615
155.8444928
159.1515006
167.8052347
156.0694242
157.3694128
156.9986363
159.9675836
161.9335202
174.580106
153.181261
167.8258603
158.7804931
160.0774651
155.0390456
170.3362609
157.9661991
152.5986233
161.2237495
165.5155774
172.4689784
164.1072292
148.760763
167.3581969
161.3319226
171.6038464
153.2775558
162.2169751
175.1401942
158.4870875
146.8243079
164.3914942
154.060836
164.6474156
153.3258828
170.8753467
168.8455996
161.8422379
161.1417653
170.0546598
167.6955879
152.7470213
146.0867221
175.5279621
177.4741541
151.9442893
158.5283222
166.7636996
168.7101378
169.6635213
167.6406608
180.4943721
154.3439156
160.5864289
175.4149778
153.5771625
171.0420529
154.1669863
159.7423316
164.6552003
163.6278368
152.0469429
155.3095282
178.0206723
156.5568538
157.1800961
156.4853151
174.8937708
167.9388499
158.0242165
165.558275
170.1273613
154.9552644
171.0365484
161.1325306
188.054183
170.9197308
150.1783649
157.3719941
194.1238662
174.0481604
165.4725019
165.7631534
176.8830517
161.7508388
165.978319
157.0863058
172.4603517
165.8654464
160.2566846
149.4081908
165.4252045
166.0427529
165.6777671
162.6941843
183.6028036
169.8189968
161.6025318
160.2578358
168.3960646
173.5885026
159.1688771
165.9948394
169.2242336
164.9401983
169.1479878
160.6219206
162.8704745
156.6338639
172.5844077
150.692412
159.7891625
171.1639724
156.4579032
153.8157809
168.1164933
156.6783013
161.8536344
158.8871097
179.6840545
181.5964107
178.6274725
160.0459479
175.620555
168.7532298
169.6907036
164.7777801
186.5110258
173.8000578
172.7868997
154.5646331
174.3329557
176.5660118
157.7061279
145.6674611
167.6905886
175.1115498
169.5611136
158.8270698
176.6149242
170.7438881
163.2558984
161.2765569
172.572672
169.2973578
156.6383422
157.574237
165.9498216
163.3257258
151.0026237
162.2835167
162.8939516
162.2116239
162.1757087
173.7671392
170.1766856
165.6193103
154.2858486
161.0283583
164.8642741
186.1163683
148.6673787
161.8534082
151.1804941
159.8484029
137.2593407
159.1336907
180.0322405
167.1132109
163.8572854
160.2809551
171.5077174
175.3304173
160.1752384
157.5675611
176.179325
169.7122646
162.2840044
170.6016112
167.3521178
165.3886014
171.4526081
167.8840843
174.586749
186.7410245
153.9800673
164.5299685
178.6023519
162.8551415
169.5501429
157.0161489
158.2633127
166.8767135
173.5650109
159.4403281
173.4892959
164.4910438
165.4150302
162.1802335
174.937158
169.1438147
179.0166781
159.4822913
165.518637
173.7885719
161.614022
152.9572828
157.393569
169.4882764
167.8559369
153.14357
177.9902747
166.1522373
168.3480768
169.2679061
181.6604314
165.6897106
170.1136822
154.7893603
172.9058974
176.6887502
166.4654959
154.9738042
169.8932082
178.1265497
161.8696648
166.6038529
178.6470525
172.8880894
155.6931653
170.5899432
168.9652234
159.4029715
164.4480526
166.9518253
173.5797466
175.4459775
180.4832944
155.0749194
166.7725506
177.8311972
168.2855639
164.130447
179.617483
171.027758
171.3077609
156.7085518
179.1471242
182.2731945
170.5283864
168.2777773
161.6008031
166.6249949
169.4343246
183.3036988
173.7855287
185.7526616
159.1830528
153.1495569
177.1099918
169.1814699
161.8874593
165.3234496
177.5900104
158.9458344
163.6414538
165.1827977
188.4696225
184.0182527
165.7075733
174.1763205
169.4159433
170.0096482
164.3079049
157.9791981
170.5307768
166.0908034
172.974476
166.6493155
178.2453684
172.8646611
173.456552
167.7649829
178.4087312
184.337567
174.5658209
173.2733818
183.2793416
203.3230661
164.3802201
172.4999575
180.9298416
164.2763055
165.1820036
162.640295
187.3568002
175.1012353
173.8117342
161.2510793
154.3303755
179.3356513
185.8690035
161.1156358
179.5354985
188.8790895
170.3935429
169.7326659
174.3847737
166.8495261
177.4355386
146.7914625
164.8712579
169.8317259
181.3446369
161.0231907
177.2129784
162.5155296
158.4274264
166.8127858
167.7131614
162.0682292
164.5272222
162.6237227
167.5733355
163.1787732
167.8148796
163.1108326
174.9028521
174.5553248
165.8087856
165.1522885
172.8917401
170.3687374
179.6580097
155.0709057
184.8652208
181.0993366
171.1237444
177.2982619
187.1954465
183.7425938
179.3602572
155.7447199
179.2860278
182.9703113
186.3430269
181.3447397
181.3072702
180.6501065
175.0365209
182.1241769
190.137911
193.5058636
182.6305844
192.4961208
186.8870697
203.8642001
183.0987099
179.9688302
194.7728297
190.0948408
187.8925564
167.7712006
197.0839408
188.0856088
168.9029503
180.5993229
185.1919933
195.0302711
177.0944902
175.2074452
180.414268
174.2106785
169.5509791
179.3788654
195.9834172
175.9166127
183.5810674
181.3878728
185.045507
191.4721048
185.8932426
175.3934254
201.5085476
200.2371456
169.4433722
171.2535502
183.5142167
183.1695185
183.1322298
170.4997145
187.0505175
175.6506595
173.4658556
174.9653616
187.819158
176.4284288
176.0858494
169.3026687
182.7604827
183.6431549
189.4297249
176.2138372
199.4654228
200.6503488
182.2321571
176.6835839
167.7696828
187.6310592
176.5764221
164.9143427
180.7876247
173.4110958
168.4837307
174.8696608
172.0835444
174.1879577
191.8748788
163.4265006
177.7475157
157.5591949
174.9284342
180.9976049
191.0329072
170.8566523
165.941759
156.4542496
171.3635039
182.9134189
174.6473897
162.1184874
180.3659986
169.6686214
162.6300781
165.946816
175.9595361
182.3159071
186.5396311
174.3326977
190.725036
192.5116129
181.2214766
186.6572142
168.9916266
197.523713
181.988206
184.6856843
199.2276676
195.2407132
187.9145367
175.7366076
192.0895183
196.9055344
194.4396962
184.3915637
190.1174013
186.743436
177.310538
169.3965416
189.6633588
177.2049109
177.4725898
186.2182596
178.0076451
168.2869473
179.1475156
175.4814345
176.9591251
187.5091111
162.9800856
165.0640073
166.2403606
164.3943543
170.4044685
152.5486408
165.8069914
177.5503553
168.4585646
150.3154036
167.1850225
171.3760451
164.404237
172.8164847
175.7977977
172.1454827
167.2889463
164.8451805
175.0568771
173.51627
174.3857066
164.4144896
167.6938691
175.1859894
159.5025932
155.5598152
174.1804308
169.0332687
160.2796496
166.8624999
171.9398325
177.9167722
173.3748859
176.6455049
188.0259007
181.0808574
159.4284586
180.1095683
182.7754659
177.9388181
163.8040065
164.3719378
182.9327422
188.8951066
179.8637584
173.2351096
185.4870717
189.3471674
164.7469902
163.2175597
168.8747618
175.4278488
172.4007414
176.8559029
167.5468114
168.7107954
174.0613025
167.7483002
173.9937887
176.0523265
175.1216979
166.7219478
180.132136
188.1626819
174.687506
168.6827484
176.4108824
174.8846163
186.4889438
164.9725665
182.5380435
176.2405576
178.8898513
163.3548047
179.4169126
178.4884096
174.5811208
159.0588992
171.8336773
170.3118854
159.2647467
160.7222515
181.8188901
166.0157052
181.7490076
160.8961268
182.5712282
168.2664849
178.3399585
172.9566652
171.1408137
185.6653035
162.1652065
162.72803
166.5563963
174.8357496
172.1313366
155.185582
163.1657151
185.9744268
158.062068
155.3634695
179.3448671
178.1251276
156.7561154
157.6150036
174.1725264
169.1047712
168.1842665
160.4552564
167.8242298
160.9860153
174.2694614
166.8410086
165.3305041
159.0893841
164.3807371
162.8715761
157.5210875
172.5604176
161.5971694
170.4274069
162.4218017
167.7055326
167.6737547
167.0517157
163.1840013
154.8923449
158.6976667
166.0405433
159.5222262
173.3478749
175.3783599
166.5044452
167.356917
179.9923383
165.2320716
159.0170238
164.5809244
166.3160589
167.7562405
159.7799296
166.8104803
166.4849437
181.7459056
165.246199
173.4463396
174.0015707
164.8591729
162.1839509
173.3160363
162.7104527
161.505359
179.0902064
164.6736245
171.6861727
159.6237571
168.9815594
168.3632971
168.3317831
187.6530156
177.9426278
172.9268033
186.6686622
175.4990107
172.2440323
161.0827214
194.1425168
192.9352395
165.9686122
179.3997434
201.3127156
184.0150623
177.8370281
183.3616581
190.0523006
170.4295669
170.1055936
183.8096849
170.0423521
170.3028664
175.2361759
185.1331389
178.6744819
165.5061518
173.0632588
172.7393849
186.711889
172.0920131
161.853353
165.6137736
166.4576625
182.7501083
158.2366947
187.92687
176.821321
169.7987684
168.6026403
179.634733
184.2603715
174.9119568
164.9864986
173.3928357
164.9256727
165.7677306
156.4328163
179.0792659
181.6636511
161.5772766
158.9326255
169.6516994
175.4293388
162.0392685
166.6548562
166.0436939
160.7891159
158.4382169
149.4153943
157.7999743
158.0610657
172.2402347
161.4820632
169.5684539
182.2901799
173.2731403
161.9432808
177.5544248
190.8445896
174.5941574
172.5358731
185.2408252
174.4985375
189.5131164
175.8812437
185.6841298
174.0821134
190.5314208
164.47962
181.2137059
187.2488307
180.8588507
169.5592653
185.702674
189.7113841
178.7050621
167.7041874
196.5341905
195.344367
174.825019
179.1198046
185.7215259
187.7061623
170.6624124
175.5313088
188.1805276
177.1964785
161.6087697
177.7084029
181.4212344
178.50789
174.7334654
158.0090815
176.3968922
187.5869237
181.2247442
159.6206492
167.9307526
179.6892535
173.0442251
152.8955934
165.7983898
165.7685472
168.0366177
156.8061586
176.8773349
171.9651442
172.5083069
154.1106578
169.0032214
165.8172498
168.9425682
167.765173
160.85377
164.8383235
169.681311
162.7732946
174.2048034
172.741297
177.0065958
158.6477305
167.208705
169.7551597
163.14202
157.3897216
163.3698626
160.1940891
175.0377514
160.9947987
169.5431743
180.6626025
157.7649166
167.7380632
155.4231375
168.2496418
172.5036654
152.199176
150.1736433
167.8445437
172.0956355
167.4995695
161.7639689
168.2958299
168.2659683
154.834489
166.7808393
178.7243846
160.7369509
148.7410396
177.773341
179.1674899
164.0406114
164.8658083
181.0652434
189.2877047
173.3159946
167.5946578
173.2547844
188.585155
172.6248674
190.5089695
174.8382683
172.5335698
175.0608348
164.8011397
182.9549802
179.7983925
170.9618016
178.8833312
189.0717417
181.0911225
181.6268737
165.136894
187.236799
189.4730212
179.7978476
177.4980196
184.2705764
183.9548403
175.9863465
185.8737559
186.9743621
175.8939185
190.8735693
191.1233222
190.523724
188.2260989
192.1550829
176.5583222
194.3511097
191.2059163
186.3650662
195.9458563
192.5193533
209.4445238
218.7337042
197.2220337
198.6001819
177.0995185
178.1983009
189.7436694
187.1699656
191.653467
178.9210243
178.325638
193.8104563
202.5205565
175.6933198
173.1252202
176.7614332
191.1056827
175.5715158
189.6306584
186.7806822
189.2833401
172.6337999
179.9261124
175.9537322
188.870964
163.5089492
167.7013059
171.3295704
183.1150026
160.302562
182.208289
172.6170237
186.6427844
179.0227131
171.9658383
180.9276152
190.7275735
177.776103
172.9706568
190.0676831
182.4562363
180.1797076
179.3069616
172.8221019
159.6088128
174.1650608
183.1095938
178.5924629
177.4406096
174.3259193
176.25896
179.0304419
174.7966222
178.9691688
182.8588707
184.5074511
198.1923229
177.4474192
172.3787504
197.8109965
170.92122
178.1653371
194.6337136
172.2317335
188.9764601
174.9694026
167.3930646
177.7038308
184.0987338
169.821362
156.6672865
174.7908143
161.6389809
167.1938547
168.2817335
181.9266407
180.779861
178.7966936
160.6377609
172.3215032
172.292294
174.773139
161.9223483
173.876621
176.9131471
164.3470845
147.8876353
160.6715796
166.4909971
175.3718195
174.7855682
176.1473915
173.8918958
170.2449087
162.9849035
170.1874906
177.6670774
162.3465276
167.8779625
173.6868213
180.3258768
163.9040209
170.2647469
164.4043062
182.9811865
164.6266632
171.8157088
170.6767838
172.867912
166.7355428
166.707575
168.6209494
187.7268082
170.782352
171.8625179
177.9323541
179.842273
184.7991518
171.4704896
175.0436996
168.9209258
172.7688625
164.4353291
175.2035305
165.4873496
170.9934141
167.9218768
170.1066097
184.7365502
168.9439178
164.4925229
172.2045386
176.3226765
172.1472254
170.4609747
175.4060338
174.2721676
167.6146699
157.9238261
169.2152408
172.7764565
185.9933069
173.8227437
173.7939213
174.316736
171.5288194
168.4674906
161.2720702
169.7898563
174.72363
171.1113675
167.5016825
181.5231248
172.4049107
161.3608517
158.8564209
175.0721641
176.1441514
154.6501966
170.3069933
171.6543346
157.8741833
161.6980673
165.24575
167.4177623
169.3142085
171.2100359
173.9309165
173.0781651
175.7964815
163.6824929
172.9928913
181.7497849
182.8179435
167.4173724
173.4282076
169.008645
169.5295826
166.4848403
172.4919106
180.9632735
170.5151365
166.6499737
178.6821199
182.4889307
176.9799833
181.3336627
179.3869851
173.0597919
168.3759657
167.2535698
181.1857709
174.5887891
172.9187467
174.8054629
174.7769999
184.5933092
171.1656447
171.6845567
173.2966333
165.0684696
173.513555
170.478818
166.3538197
179.7105813
160.8385132
172.2806954
179.0771931
164.8542843
172.1969352
177.625936
154.1349738
177.8411854
176.9942735
178.0563173
169.3021977
186.721308
175.7897044
176.8512778
198.0736526
172.4357204
166.1422582
170.4738773
176.7086475
182.3969567
176.1073288
173.0854181
192.6485077
182.5515441
194.2185618
178.9572646
197.9630024
205.8156423
209.0445833
206.0213108
213.8688918
221.4422565
215.1585531
216.7537397
215.9042681
213.6974302
215.8350747
222.5865559
219.5655323
224.414782
219.2239524
223.529182
232.715091
227.5254447
232.0984422
212.2714375
214.4059587
218.7078725
195.9119005
217.5544112
206.1428152
222.0892598
224.4910064
203.3368036
198.4317168
214.0985954
200.8041477
209.1600974
203.7161619
199.6264183
202.8400773
201.1854302
187.9057426
204.9060303
194.0624661
191.0591185
198.0537825
179.6523415
176.1125126
184.186486
179.2969738
189.257735
178.9702989
165.7159687
169.1991497
184.2815437
177.2385805
160.2168309
176.3735744
177.9635513
180.6314041
167.6631409
166.8281826
168.1492172
166.7756093
163.7861551
173.9965697
183.9331331
166.9398765
161.2601862
172.5412703
180.8570758
174.9088075
166.8087319
169.4738855
177.1798169
176.1435866
180.1490588
169.7036131
190.1721689
172.3379008
177.349123
179.6721552
175.9505028
177.6015913
160.4532682
179.5597626
174.8337797
174.1354388
175.7855477
171.3977929
199.5409645
175.3679544
176.3463595
183.693252
211.481832
190.0028131
188.9680946
192.6235713
186.5647027
191.8938588
181.4841555
194.1776629
197.160057
175.3753497
192.079421
188.3692854
196.3685867
181.9558968
185.2718637
179.893275
185.8830636
197.5534736
172.1228221
189.1383127
184.0974251
183.0667766
175.0223584
183.6780755
179.3089742
191.2998617
189.601329
187.2358333
184.2036834
174.8332464
185.1476414
166.1059446
184.4235934
177.0595484
171.6980966
173.0050063
180.6439146
172.9517734
163.927945
193.2195393
188.1936614
176.1757479
172.8189265
187.7740508
191.7397306
188.3820829
187.6876503
187.6588793
179.3133617
180.9489911
182.2515565
180.5610699
173.2191712
176.5168331
169.8425397
186.0999763
176.7681613
162.1224704
174.721199
170.0449704
178.3205384
177.9613277
181.9177034
160.9783951
177.8799596
173.5393653
183.7974103
174.4816487
178.1033164
170.4492948
166.7762693
182.6631519
186.6128503
181.9448469
178.2723282
169.9626806
184.1807811
192.1017165
185.4495329
174.8261407
179.4343848
186.6892565
177.7252809
184.9782258
190.5747212
186.2454707
175.3024963
174.614596
199.7177632
181.8350877
181.4770808
186.076721
196.6231212
185.0293767
178.0640722
175.3948109
191.8810419
178.6440055
178.2869549
183.5417851
193.4158003
181.8365458
175.8700154
189.6996132
188.0218325
185.6849489
178.4024197
191.2342317
189.886909
171.7299646
184.8865798
173.3260325
194.7149836
176.8976307
186.7519955
175.856739
190.3180044
163.9511185
171.8278746
166.207233
183.9519794
177.0151481
172.3831696
184.1985233
182.1978246
164.4143312
179.5133207
188.0333599
177.1591128
179.7617285
178.0920878
176.4229496
181.6523544
190.8213607
167.8063604
188.1379868
181.5443801
187.4256351
176.8958785
186.0574557
165.3603087
178.4573625
168.5911854
180.700062
174.4433162
173.1061041
180.6197985
186.8202824
184.171051
189.3862338
182.4785838
173.9352101
189.3022903
169.2994326
175.1678062
171.5409897
196.064125
182.9446443
174.0828454
164.8964959
183.1909049
171.7164304
180.847807
166.7612641
176.2176207
176.845468
169.3023621
171.5649665
211.0746951
195.0360416
199.5803609
196.2851665
181.8884762
186.4327418
191.9550233
194.2116959
188.6352695
