5.0000 0.0200 100.0000

11.46279281
0
0
5.663478578
0
5.619088127
5.597153086
0
5.553793292
0
5.511100796
0
5.469060316
0
10.85531407
0
0
0
0
0
0
5.287559798
5.268134765
0
0
0
5.191842773
0
0
0
5.117731384
5.099533344
5.081464419
0
5.045708461
5.028018748
0
0
0
4.958484602
0
4.924434676
0
4.890849795
0
0
4.84132381
0
0
0
0
0
4.745225023
4.729578745
4.71403545
0
0
4.668013406
0
0
0
0
0
0
4.564050158
0
0
0
9.013397149
0
4.478560727
0
0
0
4.423327715
0
0
0
0
0
4.342990114
4.329883832
0
0
8.582072262
0
0
4.25288047
0
0
0
0
0
4.178572634
4.166440156
0
4.142385716
0
0
0
4.09510206
4.083449639
0
0
0
0
0
0
0
0
7.962985555
3.970478249
3.959524615
3.948631372
0
3.927024072
0
0
0
3.884512623
0
0
0
0
0
0
3.812295532
0
0
0
0
0
0
0
3.73298797
0
3.713675107
0
0
0
3.675644073
0
3.656919833
0
0
0
0
0
3.601877093
0
3.583896757
0
0
3.557261145
0
0
3.531019487
0
3.513739619
0
0
0
0
0
6.92580519
0
0
3.438033156
0
0
3.413519308
0
3.397370548
0
3.381374273
0
3.365528334
0
6.699661249
0
0
0
0
0
0
6.592052859
0
3.280970702
3.273494449
3.266052289
3.258643991
6.502538647
3.243928059
3.23661997
0
0
0
0
0
6.38691146
3.186373711
0
6.344607557
0
0
3.151431043
0
0
3.130832036
12.49610241
9.351746377
3.110501415
0
3.097094194
6.180867945
6.167604858
9.231598136
0
3.064078026
6.115118724
3.051068468
3.044605168
6.07633857
3.031760646
0
0
9.038089429
3.006395103
3.000120127
11.97548552
5.975297404
8.944355781
8.925842686
0
0
5.913841334
8.852553065
5.889612667
5.877572896
2.932791214
2.92682048
2.920874097
8.744855747
11.63621516
0
2.897329117
2.891502282
5.771397851
0
11.49664832
5.736856623
8.588152384
5.714058786
5.70272794
14.22860529
0
17.0070134
0
8.470115579
2.817839517
8.436986696
11.22735951
8.404116974
8.387778352
5.58100226
2.785097239
13.89857161
5.548704512
5.538021843
16.58214119
8.275169904
13.76555056
2.747850513
2.742611056
2.737391624
10.92876842
16.36207429
8.165557032
5.43342376
10.84636351
2.706489229
5.402813645
2.69634355
18.83909513
8.058821934
10.72506986
13.38139831
13.3565523
7.999079282
13.30713729
18.59559414
7.954852903
5.293479824
10.56752073
13.18519173
13.16107153
5.254815925
7.867857658
10.47139192
7.839282447
5.216715262
7.810914997
12.99468079
7.782753054
7.768748452
10.33972586
12.90148436
7.727036835
2.571077596
10.26597095
12.80962139
7.672116396
7.658508635
10.19326572
5.087625408
7.617974835
2.53485307
7.591190983
17.68169644
7.564595727
12.58561367
10.05091611
5.016701422
7.511963103
12.49819959
4.99061457
14.94593832
4.973374293
7.447198458
4.956253323
4.947737191
12.34812607
2.465396438
7.383546583
4.913964817
9.811188024
4.897251826
9.777876226
9.761305456
12.18098882
7.296249547
12.13991275
7.271687391
9.679291406
12.07881822
2.411718106
9.630744673
16.82567433
9.59865128
2.395671274
7.175079175
14.32636863
11.91888175
4.75967545
7.127736498
14.23199765
4.736199977
11.8210662
2.360339303
7.069434334
14.11577762
11.74396858
4.68994078
11.7057978
4.674722338
7.00072546
6.989404361
4.652080021
4.644581527
16.22987558
4.629657249
2.311115615
13.8444874
11.51862712
9.200192521
9.185530506
9.170915427
6.867260296
4.570912593
6.845512183
0
4.549268142
9.084198162
9.069905436
15.84740131
11.30181914
6.770473112
6.759888151
8.999115254
4.492545216
6.728332147
17.91434468
6.707458997
4.464714145
6.686715766
8.901856658
19.99830375
2.218613962
6.645614254
2.21180607
8.833671472
4.410080196
11.00836356
8.793262647
2.1949689
2.191632381
8.753224221
15.29492915
6.545051409
10.89193892
4.350203549
10.85912865
10.84279803
10.82651678
10.81028468
10.79410151
8.622373634
2.152376214
17.19334939
17.16776595
6.428347147
6.418810638
8.54573677
6.399822838
2.130123765
10.63491303
2.123850763
14.84509736
14.823304
16.9160857
12.66849432
12.64997903
8.421012109
4.204370495
8.396505838
12.57645974
6.279107102
12.54002191
4.173960878
12.50379614
8.32384146
14.545744
6.224925523
14.50396896
0
14.46243495
6.189324718
12.36097704
6.171677706
4.108594776
8.205509048
8.193861954
8.182248126
4.085333711
8.159119702
14.25830844
14.23821464
6.09350478
8.113255858
10.12733871
2.022629556
4.03959875
10.08488582
14.09914024
6.034069566
8.034232092
8.023069447
4.00596901
4.000418841
11.98465246
9.973412194
21.91123525
13.92430311
7.94579781
9.918601632
5.942996247
15.82627752
13.82904682
15.783032
13.79131116
9.837515054
9.82413039
9.810782396
15.67595348
13.69787415
7.816765554
11.70930497
9.744587263
11.6777474
9.718360713
19.4106015
11.63073136
15.48685876
13.53286533
17.37614332
9.640528317
11.55321398
5.768917693
9.60208169
17.26080261
11.49194636
9.563943108
13.37181729
9.538686705
5.715665337
9.513564501
7.600842712
9.488575432
5.685678296
9.463718445
17.01241048
7.551194
1.885335669
7.531517252
7.521717627
7.511943698
13.12884189
9.365590661
16.83624395
11.20965442
11.19518401
18.6345854
3.722118661
11.15199808
9.281397834
7.415595858
16.66372065
14.7932496
7.387175961
11.06662718
9.210438991
14.71795015
7.349623016
7.340294919
10.99648604
3.660855123
12.79679361
5.47741525
9.117513355
16.39085503
7.275661558
18.16630476
16.32916216
19.93285791
16.28829341
9.037742441
10.8317538
3.606083582
14.40637553
12.5899041
3.592648267
16.1468652
17.91873708
12.52759785
1.787445497
12.49667769
3.56607867
0
19.56520565
14.21176862
15.96863256
12.40483529
7.079806069
19.44567965
19.42195125
15.87132105
10.56800156
5.277577029
7.028225384
17.54925583
10.51680021
17.50679683
10.49138705
15.71809042
31.39829304
47.04074611
31.32279362
36.49937822
36.45560358
29.47632827
25.97740848
32.86539841
29.37078751
22.43324107
6.894317723
12.0507091
13.75588187
10.30467299
12.00787455
8.566903343
17.11355538
18.80268766
17.07319762
13.64247265
13.62642546
10.20781229
20.39166795
13.57851207
22.03925191
15.24010346
21.98777449
21.96212686
10.12455677
13.48370011
23.56904922
18.49704029
35.27158536
21.80950272
23.45998704
16.737772
21.73399228
16.69918424
13.34396621
16.66077602
19.96996662
29.92058297
6.641399042
13.26759458
9.939319686
23.16526268
16.52774324
13.20713104
14.84111493
13.17710785
6.581073997
14.79062527
6.566165571
22.95557935
11.46481934
11.45187862
16.34138206
13.05838364
17.93508083
0
4.88040685
12.99982965
11.36211483
16.21343937
16.19532717
12.94180471
17.77514791
27.44010036
12.89862891
12.88430171
11.26125585
9.64180781
14.44670187
14.43072787
14.4147896
12.7990106
14.38301975
25.54166744
11.16219329
11.14993441
12.72880315
15.89356893
15.87617257
7.929407369
7.920747651
12.65937131
15.80697111
14.21078949
15.77259899
17.33101661
20.45989133
7.860661881
14.13387628
17.25606022
18.80446214
17.21882778
20.3275948
12.49582381
14.04268634
14.02760379
29.58205849
24.88451012
13.98255244
12.41564481
7.751489305
6.194574823
13.92293811
13.90811493
9.2622158
27.75712864
21.56596818
21.54310775
16.90880431
15.35538139
15.33915733
13.79067118
18.36817588
21.40697017
21.38444995
13.73269996
18.29104569
15.2265547
10.64742369
15.19468968
10.62516548
6.065183839
15.14714489
12.10509088
12.09249249
4.529970252
15.08421916
4.520571145
16.55825016
18.04484604
22.53273208
4.501891098
14.99081842
7.487682779
16.45593948
20.92237921
19.40796034
19.38803869
14.89858346
16.37165506
10.40766565
23.76463421
26.70791483
19.26937472
16.28824197
16.27166273
14.77737972
10.33365885
13.27265169
13.25919831
19.1327826
10.29184675
16.15656008
13.20566041
4.39744814
14.64339518
14.62866006
18.9981415
20.43899189
7.292317367
21.85502901
20.37760711
4.362263275
18.88425635
21.76778089
20.29634064
18.82783197
18.80909984
21.68123715
14.43980685
24.52332366
20.17566739
20.15569669
18.6974971
17.24217901
22.96688546
20.0762138
17.19123639
21.46790424
18.58723118
19.99736504
18.55076882
21.3837601
31.33214869
15.65075511
25.58530847
26.98035888
26.95405549
34.0140684
26.90160471
28.28995476
29.67560945
14.11753489
28.20770836
42.27060116
28.15314687
25.31335184
36.5284393
23.8609498
23.83796516
37.82386399
34.98842738
33.55663125
39.111841
58.61152811
48.79617016
76.6063433
82.09917923
115.3851893
118.052851
199.810404
237.0479517
470.875263
601.8679154
895.7248238
841.0182692
1084.424668
1099.938554
761.5187622
645.2320495
453.5761154
520.4326259
423.9129544
354.9806354
382.0324419
322.8503035
273.3461322
196.6263055
160.9744682
134.9239556
76.24930528
87.06071391
81.54329908
62.45828113
59.68709359
33.88158451
46.03614592
44.64067019
29.73285135
36.45651429
36.42277468
36.38909858
28.27648896
29.59565169
37.63246615
24.17001709
34.88012125
34.84805572
26.78157704
28.09485354
37.4254658
33.38499189
29.35191277
27.9921244
22.63959742
25.27999413
29.24489136
15.93723276
22.55720582
26.51376852
25.16520784
19.84924567
18.50917158
27.73861727
22.43475712
22.41448052
22.39424122
27.63851891
24.98374165
43.35374242
32.8141985
35.40748339
20.96337226
34.03492068
28.77296845
16.98698475
22.19387743
20.86968638
23.45743294
13.02028156
20.8138833
24.69447788
24.67250925
29.84017631
36.29491349
20.72155095
19.40923555
34.90568671
36.16646468
30.97242613
46.4176121
29.62953202
29.60341445
32.14928672
23.12711992
17.97194771
20.52133005
29.47352765
30.72802396
28.14268482
34.50852618
35.75533289
21.68963322
22.9454526
19.10453904
17.81537072
20.34270391
17.78438862
22.84577841
19.02162456
21.53914699
20.25457491
13.91296673
27.80186894
20.20207045
16.40001239
16.38586747
18.89047781
17.61593315
22.62957471
21.35400854
27.61087114
28.84114748
28.81642756
27.53993559
18.76116341
31.24187676
23.72354777
31.18855859
28.66901159
38.60792811
33.5976431
36.05567413
48.44747309
53.37110647
48.36530287
99.1268193
105.2330879
190.5012889
210.1154123
495.2049563
636.6859205
716.2825449
646.6996688
628.9251632
506.6503019
345.2631779
315.5099563
185.2240519
236.5436535
168.9946845
137.0413411
150.3745413
134.369558
165.9899289
132.9261584
149.8737347
160.7059575
124.0797735
91.15579227
70.43532619
87.36447576
43.6460588
52.08965165
43.5738841
59.25990334
32.62646474
32.59955881
31.36630197
31.34047975
30.11028938
37.30607424
32.46570683
24.02894162
14.40554675
25.18905958
29.9624368
16.7652458
23.93078561
26.30237802
23.89175246
16.71059928
34.58663154
20.25842939
25.00477938
30.93315817
34.47437438
14.25369371
20.17637666
24.90358828
29.62315539
20.12747064
23.66026176
20.09500118
18.89770034
31.86419095
36.5553778
48.30857034
48.26976943
44.70193234
74.0516731
95.13301541
171.3417538
170.0321076
280.0328093
259.906793
255.0202496
187.0228656
164.6831829
126.0410174
90.95387195
79.23012094
61.70386668
62.8182251
47.65751969
29.03645222
33.65563507
35.94827208
41.71340537
26.62919784
37.0201022
35.83496618
23.10113158
27.69955137
29.98426163
28.80837875
31.08863497
26.46214751
25.29179025
29.86690077
37.87834111
24.08556199
29.79693507
27.4834041
27.46197934
37.7308096
26.27676438
37.6721263
17.11038853
27.35536715
29.611992
26.17491952
25.017489
37.49719386
46.55140034
39.70829823
36.27670381
41.91258498
46.40788042
56.55139284
87.02213268
94.86024662
179.423469
253.7043676
403.3640705
291.5936043
330.7440756
306.8848325
241.5020384
212.1355091
143.5602801
112.0719101
72.78831604
63.78115056
80.50436585
67.03596957
63.63579476
41.27609248
59.08037206
47.89680783
40.06928936
52.27310341
47.78817344
43.31002088
42.16765541
45.46236731
36.56408603
38.75088976
44.2534096
42.00913253
36.45420961
41.94606553
33.09047755
23.14597491
25.33137007
35.21727423
25.29349075
25.27459469
23.05957739
30.72316977
40.56821588
24.10367789
39.41303134
30.63178652
45.91354187
30.58630403
34.92984548
35.99470301
39.23786564
39.2088268
54.41643346
50.02612627
68.46345574
65.15518639
68.36251224
100.8417528
123.5258208
160.2476178
273.7324187
410.8398416
790.8272046
754.6179281
946.0883861
929.2262613
830.5231419
713.6613574
524.9046555
447.1344179
264.2176143
235.047193
186.6147304
196.1241992
125.3012676
121.9998346
84.47941214
89.76105727
83.28914411
74.69253532
79.96980372
77.78099116
77.7247904
68.09308332
68.04395771
60.55796227
72.19254535
61.53167225
76.32920552
74.15561561
55.04746763
61.35503785
67.65356387
65.49242961
81.27913649
72.78244247
93.81168926
73.73176658
75.78425413
83.09285758
80.93151718
87.17573874
112.3074011
94.3934649
107.9555055
138.2513294
167.4575819
149.5595482
257.0989735
319.5828021
661.6689798
654.9439676
957.7547278
846.6848751
838.8029887
701.9749686
596.5202063
563.9075363
348.692496
299.7033362
236.2790181
188.477199
158.3346962
138.5755845
145.7123172
127.0223571
104.2307428
107.2516184
91.7150476
100.9191693
75.12209272
87.41001487
86.3215498
95.50383023
85.17537506
77.93775625
84.03239192
89.09450411
74.70566456
87.94848392
92.99738838
97.01807219
105.1194359
95.8642991
103.9552882
106.9389176
130.272953
99.66846906
116.8815257
126.9574728
126.8702863
81.13866647
68.92057281
93.18158581
57.69253829
55.63014848
58.62440906
50.50375388
47.4411164
36.31308498
37.2963376
26.1903827
35.23228324
31.18450829
31.16330981
48.22008941
35.13661519
34.10955963
23.05847397
30.05589909
26.03081543
19.00965319
19.99663724
42.96373404
26.95902185
28.93645856
23.9312755
17.93636961
27.88224352
27.86349376
33.81150647
33.7888021
27.80740053
14.88683284
26.77834405
35.6805518
30.70436157
21.77562268
31.65247041
31.63133706
34.5736922
26.65335188
33.54111872
28.58955456
39.40763319
40.36596997
44.27467993
39.32914392
41.26820528
48.11432154
59.85774056
60.79873962
70.55828058
72.4702937
102.7654568
91.9353179
140.7480872
161.1669688
236.2206885
364.8297971
726.2551652
793.9701859
1095.253057
1016.698343
1000.475267
867.6748491
771.9498112
683.1425753
471.2898294
376.980779
245.021552
237.1190774
156.6879795
149.8199566
108.1875562
113.9089166
89.71423376
82.90762288
74.18302559
102.0596494
55.80562931
60.57716709
73.99080029
77.78409502
68.13701649
63.29769204
72.84116807
50.76433985
47.85999358
49.74230746
59.26993069
78.33880126
61.10314665
64.88035838
59.11761912
68.60864666
52.3757613
56.14888877
68.47678106
52.27516448
55.09126964
45.56362672
62.60996115
65.41407897
67.26719535
74.79887823
62.45038791
77.54047518
68.9860146
79.33069538
79.28028983
90.54851508
77.29444744
85.7235938
73.43080696
66.79853768
66.75626823
47.92136292
48.83012078
45.04549343
48.76848874
38.42782814
45.89699774
35.57117369
34.61329221
27.11227456
30.83250796
33.61433735
23.3286382
23.31400567
18.63951376
21.42201392
30.71669339
24.18589236
19.52254761
28.80099559
27.85453131
22.26972317
15.76455284
12.0477356
21.30195359
22.21429545
14.80032219
26.80891584
24.94452652
23.08245179
15.68633401
28.58676551
19.35323583
30.39340675
23.93151089
26.67634192
22.98264307
15.61855137
20.199776
21.10493073
29.3452946
17.4130431
24.72962863
21.96837868
22.86966928
13.71337724
28.32359156
22.82760136
25.55124822
13.67978726
23.69712193
15.48479725
26.39910005
24.56346252
20.00245838
20.89890724
26.33473563
28.13377799
25.39568695
23.56736495
28.08246928
20.82272329
20.81008215
28.03135506
30.72542711
20.77225444
33.39600214
24.35530941
23.43907876
37.84024643
41.41905103
60.29133969
59.35564888
69.20651943
81.74025862
95.16020558
156.1101079
216.9867326
402.3497437
448.6802593
450.2010815
397.1536029
365.6277982
380.5967025
302.6894221
267.7073732
184.6063361
148.8453512
140.7398838
126.4126562
103.2057714
110.2574444
127.0754886
105.6858159
98.52251356
117.091622
117.908598
124.9264547
122.1960118
108.8496741
112.3228216
107.8369379
105.1230795
108.5922804
149.1145664
118.1637816
124.2629757
102.1708821
109.1525531
103.8099837
115.1784697
111.5960093
116.7994097
109.7096172
125.4336275
149.9053856
221.658141
243.4180835
415.6697071
460.0329325
509.5851293
462.9894528
343.1097745
379.5556051
308.700881
248.3833817
168.1066288
161.0448187
94.83209459
80.86177801
59.09038785
55.58218963
44.26635505
39.90336195
39.88023563
31.19254225
32.90640314
31.15645396
25.94870211
28.5270818
27.64665327
17.26918814
25.02588353
19.83667649
30.16886209
15.50648483
23.24634843
27.53539046
26.65958555
24.9252942
28.34699237
20.60417342
18.01832074
19.72304995
16.2836296
21.41357375
24.82554715
21.38910838
25.65227715
27.34681786
23.91482222
17.0722822
29.00635225
17.05284967
32.38198645
28.95688778
29.79162823
29.77471565
45.91207002
39.08810668
75.58413577
78.08767045
111.1305191
94.95910633
111.0048856
119.4107906
91.412742
97.28250585
76.93398944
70.13102126
58.26886012
62.45607142
39.64573408
53.11228283
36.23087628
32.84211392
21.04082522
26.91715481
31.10551969
32.76853743
24.3527108
24.33908925
24.32548367
25.15023521
16.75746228
16.74811205
22.59734323
20.91180549
27.58820941
28.40839456
18.37167706
15.02301575
30.02933819
30.84634946
30.8292324
20.81901032
19.14287391
26.61881138
23.27856666
20.77293603
23.25282498
14.93998492
28.20438793
19.06890927
19.88701758
25.67323845
19.0373935
19.8541696
14.88243419
15.7005979
17.34375596
18.98510961
16.49972957
14.84161076
18.95388381
19.76712958
18.10994709
22.21368153
13.97874293
29.58586426
18.89175486
19.70237386
22.973562
15.58070268
13.11344195
18.02116298
18.83005246
13.91029427
24.53423353
22.06881376
26.14142939
20.41190927
20.40083947
17.12741713
18.7484387
23.62653863
25.24229098
18.71802502
26.02839678
21.94959933
19.50022432
21.92591883
18.66756559
20.27990004
16.21518424
21.06839586
18.62740369
19.42684343
21.03444185
11.32015739
23.4363163
19.38517187
18.56750074
16.1370055
18.54762313
29.82151919
20.94445858
21.73839332
20.11739354
22.51945608
24.11511954
28.11930902
30.51327122
30.49702517
24.86591362
26.45608932
19.23056603
29.6313749
23.21226213
29.59993226
29.5842373
26.37195881
27.15671889
22.35251921
23.93645881
17.54412295
23.11412457
18.3222115
22.29352925
25.46488072
17.49787686
24.64310967
26.2191755
26.20537862
19.84211898
18.24515478
22.19982524
22.18817063
11.88028336
23.74810727
15.8237744
15.02471214
22.13009076
22.11851328
20.52788081
18.93891139
17.35160225
18.91914079
22.84870346
15.74951144
13.38010959
21.23969632
19.65615047
21.21760085
18.06485705
22.76559492
29.03067764
27.44720128
25.08156924
35.25267474
31.31947801
30.52068133
30.50488889
42.2156959
59.38397533
63.25812352
124.1123721
150.5737288
217.5551274
141.8456276
163.5832539
156.4920787
161.0804777
139.2206149
118.1605752
108.7764597
72.99604894
46.5693206
45.769687
41.09407478
30.99851308
30.98264731
27.09594887
38.68870907
28.61501646
22.41653287
25.4954498
30.11561708
18.52323976
29.31352028
20.81742185
26.20119026
20.0260134
20.7856732
25.39180488
19.9955064
17.67935626
22.28005644
21.50087441
26.094978
23.7804333
19.16806417
22.22370915
20.68058101
24.4979362
16.83382759
24.47321185
20.63885864
35.14477672
29.01801639
30.52990185
38.9060381
28.97423422
31.2459611
25.89826869
35.78257416
26.63322733
29.66214209
25.08615599
24.31378398
25.06103682
22.01231575
25.03597095
24.26517135
19.70560345
15.90811837
17.41448377
25.73031228
18.15352109
21.16855811
23.42495009
22.65802702
30.9505712
21.12647012
18.85354988
21.85926027
18.08144617
22.59059937
21.82675607
15.79775265
19.54943906
17.28517759
17.27662962
18.76966372
14.25789788
16.50099431
26.23862858
15.73541333
17.2255298
29.19411871
19.45316362
20.93925234
17.93910397
20.91866768
28.37567415
22.39084929
26.10983905
13.42133175
17.88633753
27.56126175
19.35789047
15.62756814
25.28940239
22.30327118
21.54929594
21.53877402
20.04355523
26.71170571
36.33987632
34.83963396
32.59994588
36.2868171
30.34767061
48.82859924
55.46008549
62.82424149
90.8692064
122.5759708
180.8212082
193.2740879
201.2909988
192.3500292
151.7436794
179.6477912
152.33292
142.6973546
113.9563331
108.0227302
85.20194583
74.88320376
60.90263542
64.54038614
42.51751643
39.56623951
43.20900466
58.56033951
42.43586453
52.6537288
48.2427726
50.41145311
55.49906058
43.79407092
37.93670003
52.50261755
40.81585061
42.98187076
26.21370412
42.94084696
41.4654387
31.26603364
37.06530256
47.21759689
50.82551938
47.89840967
79.79563238
70.32924804
73.92224532
66.64070658
57.19693893
86.1194595
67.26928881
70.1293614
57.81126997
51.28322814
37.54178721
35.35919624
36.06376987
25.23272111
25.94141005
26.64943135
25.91695516
18.70898335
33.80416183
33.06935535
24.43107105
35.19293371
21.536571
32.28968707
18.64750788
27.24126594
27.94503404
30.79675421
23.62364976
24.32812534
27.17753759
23.59051041
32.86837448
24.28266884
24.27133309
30.68177565
39.93902792
35.64322599
38.47675197
37.03443634
40.57654921
51.23075039
69.69832959
72.51229941
88.82120733
74.57564179
75.96082449
70.95869772
76.59965603
69.47233176
58.81157627
50.99366858
51.67800746
58.02244135
38.89951503
31.10524536
31.79750411
33.90169596
48.71122513
39.51553525
38.79203089
40.88913392
44.39363056
35.21684286
50.68895264
54.18412412
56.97272169
73.11941552
62.54224988
74.45719597
133.3976569
157.196318
246.2095268
281.8537914
306.2527687
261.9829831
217.0534789
221.85327
242.7375508
218.1550032
164.2391829
167.657188
104.7390952
99.10805167
69.76349317
80.88842899
54.36391575
57.82252005
52.92189818
58.46609756
54.26533974
67.45324748
63.9473076
60.4445431
58.33385054
44.42474531
54.81201654
61.7223586
62.38769439
61.66666399
59.56114288
55.38074363
68.50279896
72.62453972
80.88775603
87.07050037
64.92609648
75.25557982
69.70112329
66.90798823
62.74119182
65.46967909
64.7514944
55.77150924
47.48779509
43.33902139
39.88157319
41.23835899
43.28093266
30.90114784
38.43759987
41.16477265
40.46064654
34.27340448
32.8878145
34.24289037
36.96586766
32.15968863
33.51328417
40.33480406
34.16686046
45.76327544
42.32932226
38.89841516
30.01354211
43.63672745
36.80219146
39.51079188
36.76964341
32.66968235
38.09779282
36.72093752
48.93964416
35.32970917
29.20207284
32.58329983
41.38970806
42.04971105
40.67536626
39.97985607
33.86634349
40.62176057
37.89699748
43.96828373
48.00583007
36.4954707
48.63930685
41.19025531
47.24681675
51.94876165
58.66968873
56.62183906
56.59710546
54.5519525
96.94162109
121.7963945
112.9994983
112.2779556
141.1256693
162.5593345
227.6199541
251.0107884
454.1706543
569.9819535
821.7588198
846.861159
930.2067407
933.819823
765.4680651
743.7345787
659.1761781
700.3214231
591.8089946
547.4879607
379.7397123
359.5633883
256.7197712
232.6149229
173.884982
193.1219842
124.4776933
127.0855289
107.0787766
101.0496797
99.0127529
96.97757936
86.31311113
99.54889868
75.62534451
81.56057171
75.56052372
89.44075208
97.34911043
80.75901749
93.29590989
106.4834577
103.132516
98.46282648
95.77870015
116.2053629
143.21422
149.7499804
201.1219396
267.6072376
367.6393082
401.0693567
430.5213265
438.8923522
457.7797716
447.0664132
503.395114
520.2605424
523.323027
458.7788602
396.916185
392.8135738
317.2632283
301.4039293
261.3253528
268.4162352
187.1566037
169.4166964
133.3844493
131.3675461
106.4874948
104.4836267
97.91232883
90.04165027
84.78632434
76.27587771
55.38892442
71.65228998
46.2272041
67.68728463
58.54872197
51.37122848
61.09965436
63.02324535
47.41001661
56.47871507
51.26382921
49.94513175
53.16610754
55.08820263
38.22173893
38.20579874
42.0735889
41.40904319
47.85926772
44.60695897
51.0504885
46.50768053
45.19700798
50.34145901
38.70812046
42.56126183
48.98960818
50.90229541
41.86427961
41.20314033
45.69081004
51.46129953
46.93901404
57.20335982
48.82762933
50.09187088
55.20670045
55.82559625
69.91613584
66.04045008
62.80627678
84.56393627
87.09054193
99.21641178
145.2430991
168.8472442
221.8423803
245.3956993
221.6602887
201.7754402
181.9043507
188.847701
170.2762069
178.4935794
151.6578409
145.2263473
101.2356368
100.5578451
95.42744794
86.48580446
91.53569169
74.97828293
57.16157756
59.67776785
55.21118589
65.34089879
69.11888524
59.58068679
56.38857303
68.40131788
55.70971253
48.09340639
60.72492194
51.21587792
59.4116223
49.91081813
39.15465586
58.70821538
35.96789973
45.41476768
29.63377096
37.81506558
35.27981216
43.45222719
35.8808402
41.52948691
45.28663915
35.837483
32.68068272
43.34730325
37.67814764
31.38583454
23.84365009
34.49668657
34.48283914
34.46900386
30.06997592
30.68412941
28.16801253
31.28525826
25.64364337
37.5122692
34.99745068
29.36112019
33.09612094
34.33131667
32.4457443
34.30392364
31.79640907
27.42126277
29.27922577
36.74013781
35.48058288
33.59981243
36.07433812
28.59931139
37.28863138
33.54644342
36.01706577
37.24425396
29.78358978
47.1386622
40.91999146
34.70624636
31.5949662
40.87143034
27.85586686
33.41383074
34.01916293
39.57030648
66.13297195
65.48908894
71.63881753
69.75865367
67.87997307
69.70372558
49.32660589
55.47060561
52.98440741
56.04286579
60.33015087
49.22976875
44.90453693
42.42736753
33.19101003
51.61022924
36.23584447
36.83558562
39.27591715
43.55467953
36.17917653
31.87427252
25.73455007
33.68685053
35.51045393
35.49660464
30.58859244
31.18820735
37.90030924
35.44132614
29.93015981
39.07725007
36.01033611
34.16602171
42.69094087
65.2332594
63.37975659
84.67580985
93.16793321
102.2621673
79.7097963
81.50359324
72.35232342
82.04829606
83.23160367
81.98488943
58.88316627
74.63988727
49.73910773
54.57064949
52.12518601
46.65224232
44.21171547
35.11359424
42.3621698
41.74093652
41.72489071
46.54466818
29.0037147
41.67683482
38.03816129
38.62712149
41.62890091
36.18517388
42.19986776
26.51547673
31.32448195
30.71033804
31.30053122
28.28005457
34.88546176
35.47338789
30.05072199
28.8376901
33.03058958
39.0212765
30.004934
29.39364086
24.58532017
26.97362464
23.96743993
34.14062349
23.94923227
34.71320287
26.3241607
29.90247258
25.70637671
32.270193
29.27112064
33.44004389
24.47362415
20.88421555
30.41977988
33.98572903
30.99281311
25.61899586
20.8448014
31.55307802
30.35094777
32.12418627
33.30142148
34.47777115
26.14570667
31.48184464
29.68868586
31.45817925
23.73310289
27.87592457
29.0512263
24.89170932
30.21431285
27.83412628
29.00768556
20.12024451
30.16907019
29.5664539
20.09767009
25.99902768
20.67331787
30.70317328
19.47743284
31.86027096
18.28333438
24.17217011
24.75250893
18.85203067
18.84501272
18.24931306
29.42342846
18.82399363
18.81699883
22.33688664
18.80302653
25.25719086
22.31202923
17.60822927
19.94859787
22.28723319
19.93382551
21.68466447
15.23223568
18.15479668
29.27110821
26.33426567
28.07951141
24.56050445
22.79776929
33.30753022
30.37461755
22.18865836
24.51527569
32.09152068
26.8303061
31.48486359
39.63303231
39.03584596
41.35115245
40.75377627
67.51237734
77.37770246
127.9447494
128.4792107
160.3943286
183.5746406
153.8891808
146.8669806
128.8245903
146.7596344
140.3276047
136.7985006
122.8421772
122.7973664
97.85513034
85.66467244
72.32592162
59.57526567
59.55358221
54.32798859
48.5307611
51.97834411
38.68093097
40.39823683
35.19139897
37.48542592
25.94203696
24.78007136
29.9557397
21.30694114
29.93404958
27.0459852
29.33715614
22.42618504
29.31595177
23.55921292
26.99715167
32.15521022
21.81173589
22.95144336
25.23748853
33.82898648
27.51197692
28.07503439
30.3559488
24.61955464
31.47880885
36.61672583
26.30881995
29.15800359
33.71970463
31.99366458
31.98219499
33.68345252
37.66629827
27.95436117
35.35816651
29.07453967
31.34368496
33.04152772
25.62651029
30.17155714
26.17728819
32.42550244
32.98260523
30.12853439
35.23214358
31.24319051
41.45347336
31.78861005
34.61456367
28.92975697
39.69339995
29.47605258
35.13204702
31.1544659
30.01092719
40.75510634
34.51639479
47.51393563
52.58608771
63.30932854
75.15280695
81.33949211
76.22896117
100.4730668
108.9012353
84.04484684
78.94058507
76.65815806
89.02698146
83.36311907
64.75308313
71.484515
68.08343197
69.18439563
54.53909437
36.53397124
47.19654601
46.05664036
35.37255987
43.77923302
30.8591463
33.65272269
29.7161561
36.43157859
30.81592871
41.44692312
36.95324508
36.38062375
34.12988483
39.71107158
28.51489455
43.03687426
41.90440977
37.98008319
40.75852505
42.41874919
46.30960651
48.5244978
36.24132085
43.47445974
41.78783297
46.22913215
52.33769945
52.87611925
60.09316339
45.60877446
54.48914774
57.25158104
59.45425304
50.54449855
52.74797067
56.61728889
56.0428511
51.02926604
53.22953093
64.29901905
54.85505047
53.72832052
66.4473132
67.53143973
76.36140578
85.18529029
103.9561356
119.9502817
133.1705962
154.1150843
146.3315043
154.5611703
155.6117006
141.7678478
157.7106124
149.9391738
126.7436727
132.7597084
104.6299428
110.649438
92.45182051
94.62061996
73.69134205
70.36776704
65.94737906
56.58581313
40.08926074
43.91844505
31.28121898
36.20801001
26.87254341
31.79748142
29.04642567
31.77583592
30.66967996
25.18438434
26.81772544
31.7326448
22.9710077
32.8045852
28.96755075
28.95772546
23.48603833
25.66208647
20.19522469
26.73597138
24.54513284
26.7178804
28.34408073
26.69981713
25.05666551
27.22630768
23.4067201
26.11961487
19.03912845
25.55820964
13.59021077
23.9107135
20.64320826
23.35155757
17.37205676
20.62237992
23.32800664
25.48948629
26.56522003
17.88485617
22.21312219
27.62168854
21.11538556
18.94335405
29.21709797
22.7168
27.03475745
27.02571225
21.61333914
24.30687821
22.13886664
26.9896001
29.13903633
26.43215342
31.8158537
31.26617305
25.32793702
39.3260301
30.69640044
36.06972315
36.05772154
45.72965621
47.86572171
58.06709512
52.67105926
73.60969218
75.19657104
92.89014434
82.66115232
84.78002838
73.48772551
63.27533184
60.03816915
68.05618053
66.96230719
62.65613403
54.60551857
63.68503632
47.61265693
40.10978216
43.30427268
51.30665645
41.13864818
47.53419785
53.3937552
48.0366371
47.48726373
40.53758236
32.52604509
39.44485623
38.89903353
36.2228166
34.08087149
41.52243308
35.6550071
32.45137872
28.18622022
35.61996488
32.95096567
23.37690255
21.77589627
31.85674395
24.41551999
28.65233219
23.33871955
27.04286597
25.44380316
28.08503497
30.72454513
24.35980057
26.4694178
25.93158196
21.16174757
22.21260503
27.49237584
32.76871433
31.17299771
28.52195025
34.32082953
30.61480048
30.077198
35.86993338
41.65891415
53.77213905
52.70075011
81.65855762
74.25909704
82.658675
71.05324358
93.12793243
102.0392438
121.9864929
142.4464918
177.6081451
184.9048633
181.6945496
155.386526
163.2102439
139.548173
126.3922459
117.9632339
134.1724936
132.0336233
119.4208061
107.3396935
98.40692165
83.72400524
81.60477047
84.19323455
98.80349275
119.1528951
131.6529078
129.5217351
125.8256617
117.9565766
111.6577944
100.6687418
106.3722263
88.6155624
90.67163352
77.61962541
85.92698084
77.57013182
66.61648645
56.1900811
53.05162798
44.71381396
45.73911372
44.68537326
47.78776167
45.69550844
38.41356364
24.90899529
31.64513548
25.9304072
33.69884021
24.87740961
30.05067918
28.48730882
25.37156791
22.77542303
27.9428141
24.83020366
31.02794507
26.3654213
32.55876486
24.28220485
30.47229877
19.62003621
18.06538871
26.31555642
23.72812294
25.78331675
25.25969738
19.58298989
27.30452771
29.35601543
27.80222284
30.88165559
28.81382886
26.74730104
28.79574916
20.56194224
25.69437111
26.71377306
29.78679925
32.85790208
28.22842286
26.68034201
29.74953774
25.12537448
29.73094735
27.67189241
34.32292611
34.82433829
30.71777279
29.17278542
37.86163684
38.87281017
35.79275437
40.38210572
45.47960899
43.93291979
35.74823566
47.98985492
43.89197275
47.96004973
44.88483364
53.03129371
55.56353921
66.24750439
80.49080778
67.22499015
89.09578067
92.63085152
82.42635162
74.26270508
67.1210633
63.54207999
71.14490368
60.45480169
74.65593485
55.848262
58.36872202
49.72324029
58.33275056
44.11486747
38.0183497
32.93909632
35.9685601
28.36084493
30.37727952
27.83728396
30.86459641
25.29108279
40.95898099
33.86925836
25.26781581
24.24966835
23.73719218
28.77884231
31.79845675
22.70623307
30.77014553
19.16242656
19.15656991
28.22210988
24.68680487
18.63536635
22.65771893
27.68432091
20.12791289
28.17049
23.63588711
21.11499913
23.62149699
25.62403805
21.59801005
22.59569683
23.59277787
24.0874323
19.06342668
21.56522446
26.57232806
29.5715446
31.56682207
24.54453231
20.03028339
24.52966724
30.02723581
34.52087342
29.00876979
41.5
38.48836556
41.4749268
26.97553959
33.95894514
33.44945391
37.93122119
33.42928528
31.922829
31.4145692
32.40209789
32.39234553
22.91691694
27.39242116
31.36734096
23.89174492
26.87013949
23.37995122
26.8540094
31.32027832
21.37092191
28.32040427
27.81521768
21.84826768
21.34532318
31.26402061
21.33255069
24.79787344
22.80722371
18.33945912
29.23526741
32.19872892
22.28477476
16.83236221
23.26132648
26.71781254
30.1722394
17.80126371
27.68261006
30.14529721
24.70190902
30.12736704
26.6622002
34.55184148
30.10051863
30.09158162
24.16475231
34.0178215
26.12188227
32.02677414
20.19551771
28.56080688
32.49060595
29.52817279
29.51943715
30.49439783
19.17628964
27.03549438
31.94160145
25.05447234
28.48491213
23.56676574
25.52313391
25.51561016
21.58376982
31.3853271
26.96382417
27.44599543
24.98810656
26.94003322
32.31853664
29.86138545
25.44813023
31.80082294
24.9440918
24.44781739
27.86233845
30.7861887
28.3345351
29.79138566
28.31794171
27.33345864
26.83750716
25.85403462
23.40812978
30.22666565
25.83137628
31.18349754
21.9194972
25.8087647
26.28805368
28.22708567
33.08418078
25.77868841
39.87239517
36.94414668
31.10180876
33.03606109
41.76875438
39.81444811
37.37587751
51.43950737
47.05656332
62.56416071
68.36406893
79.00758849
97.39784953
115.2930418
136.5678062
174.2928168
170.8544155
172.7404233
127.7029588
144.1076437
129.5629179
103.4274709
115.4765507
123.6545363
114.4441759
118.2730953
91.69599102
109.5206419
69.93866994
64.1323351
64.59592579
53.49350523
46.24968435
40.93847183
41.40820102
36.10143247
35.60985453
41.37254992
40.87974421
44.23362449
39.8949841
41.80565285
34.10748589
42.26196468
33.60785157
35.03816224
33.58863048
31.18052759
34.04899882
34.99812688
35.46742452
39.29052452
34.96817153
40.70475334
30.16080562
35.41688351
33.97138518
29.65670713
26.30088176
20.55665768
29.63140298
37.74540957
27.22629091
34.85885414
31.98465865
30.54383818
30.53517245
39.58907099
37.19364008
37.18310007
38.60228129
38.11491422
47.15385568
45.71201357
53.79353531
64.72397056
71.36636186
86.56631804
78.93396326
100.7782477
96.94800341
82.19280801
75.52022196
74.54928926
79.27519036
69.28717462
78.75613164
92.01407843
87.72079027
82.48187356
81.98480078
77.69795797
69.15091475
69.60499167
57.27816108
69.56593792
54.40748354
53.44631388
55.32264629
51.9982894
51.98373101
44.88084364
38.25611902
41.07841474
42.48303263
38.69594705
34.91097842
42.44744269
34.89148939
24.98287831
25.44715437
40.04453903
36.73651301
37.19712911
32.95030358
31.99995658
32.93196609
40.44801941
32.91365301
37.60514926
38.06463582
39.46347486
30.99840846
31.45934921
36.14474573
31.91118453
32.3714918
36.58372154
37.98026604
38.43851367
34.6788151
37.94874276
43.09035682
35.5865422
32.29990703
36.5028533
37.89634316
48.64547513
59.85440472
87.88603636
101.4146715
121.9440231
110.7004495
113.4716918
102.7034729
91.47448609
77.9188357
66.2364034
68.08344898
67.13237707
68.97816614
82.00521972
74.52991258
71.24976169
60.05714919
59.10985405
44.20252617
43.72525804
36.73776294
40.91187866
36.71766219
42.28346301
34.37495575
39.00955816
36.67754
32.95435876
35.2654608
44.53369223
40.34765218
41.26393237
57.47750886
55.60830361
63.93185798
76.41909613
76.39830348
80.54347027
62.93680555
66.15811974
50.87746277
60.57362559
48.076312
54.99520139
59.13831673
54.96537593
51.25645223
50.78093666
39.22776062
40.60127472
35.51650095
47.95920623
34.11427961
28.57450795
37.78187915
32.70474195
34.07742877
34.06823109
21.6320926
30.36878846
27.14053741
24.83379754
22.52830132
28.49752152
25.73276815
23.42889361
33.98572137
28.46686722
31.2133338
29.82825885
26.1500636
29.3535924
25.67750064
29.33784274
32.0796608
32.52921972
21.98569246
37.54883112
33.41866776
28.83304895
41.63659477
37.96607835
26.98072026
38.40296336
25.13808035
42.03792401
29.2359671
48.41097675
42.46085019
41.99308239
51.56653817
55.20242609
55.18772438
53.80515099
56.07002761
67.9037746
63.3297516
62.85744195
57.37648594
77.39152126
61.4420296
70.52555941
86.42733844
108.6871922
110.9315278
116.3562435
116.3254196
98.12386586
84.47343679
82.63497116
76.25839837
78.9609644
69.866729
74.83730231
80.71210948
67.99815124
71.15253116
59.80701733
53.44994227
62.03963886
42.10217269
51.14473885
48.86890654
42.97363221
41.60562054
37.07351732
38.41976202
45.18964869
50.14713368
52.39216992
49.66928145
56.87871203
58.66893456
68.57923101
81.64167717
90.18797194
77.54159382
81.5775446
76.59985015
64.86787959
49.08897799
58.08061201
65.71723104
63.45012368
59.38471988
64.31650399
55.30700553
60.68680254
58.87337431
61.55373541
51.2068538
36.37306533
37.71039596
45.3322573
48.01266279
38.57813974
35.4288467
41.69653902
47.96276932
39.8824166
46.59386801
34.93499063
51.0473811
51.03414662
41.62086955
46.53349999
39.81009381
35.77509055
39.3424163
42.01398306
39.32206908
41.99226232
38.85513691
36.61262415
38.38869178
44.18022813
34.35353439
36.57484843
35.22766021
46.36548605
36.10088944
33.4181418
44.5478346
50.32586851
47.19630429
60.09255841
53.40207608
59.6167894
68.94172916
90.71235373
82.24270759
80.44388268
70.64826705
78.18161824
94.59290696
84.80120288
85.22335081
86.53278273
101.1506036
97.13303611
97.55160956
107.7224624
98.83130542
88.17241888
83.72035417
87.24172803
80.5785305
84.09891458
69.47485386
73.43866901
71.2085711
61.0206293
69.40410666
63.19927874
60.53223509
61.40027673
44.16212994
53.86372197
50.31900806
41.47912326
53.38155439
43.66329423
34.39265974
34.82476137
36.1380612
29.96055742
36.11975948
40.51435104
28.17676542
36.9726511
37.8433821
32.55468049
32.98627293
41.77206045
31.65083252
35.15871697
27.68050515
40.41213181
32.49721664
31.61094619
36.43121752
39.05496334
31.14836478
37.2809135
34.20211629
40.76919375
35.93799675
48.63730701
39.86237806
50.36463811
59.98422052
74.85159917
61.70456983
57.31411292
59.04930875
67.78011337
62.07992837
71.24266806
66.85532794
77.32282005
69.87902707
72.91792963
69.84410912
75.06353548
66.31886009
63.24899457
70.21048242
61.47356676
52.30514732
57.95690401
50.10086571
57.49250404
45.72164688
64.86432126
55.27354501
67.00757949
58.29103152
77.84644842
61.74030563
81.71983028
72.13916793
74.72800221
74.2751237
62.96648155
59.04369042
62.9352852
58.14661442
62.0365082
55.51562448
57.23627322
57.65560944
49.4071272
42.89408373
40.7176572
43.74075434
36.36803097
28.56783207
38.94652774
38.93692676
34.60207262
36.32322639
33.28809186
30.68665912
23.76550644
28.94358683
28.50458258
38.86033157
36.26073143
32.79927073
34.08560816
42.70439273
41.40016083
40.09656995
36.20737818
37.49130884
34.8971504
38.33439283
44.35538444
38.3156307
53.37223878
42.16961098
45.60260001
50.75255977
43.43038768
51.15765654
43.40918624
47.69531572
36.94278372
39.5105522
42.50642809
47.21957551
46.77892737
43.76422971
54.04813583
52.319646
51.44946089
49.29381943
53.13854699
37.70085055
41.97484356
36.82612602
42.38257999
38.52027296
37.65513494
38.50159966
34.6430444
35.06224256
41.46602605
32.05360114
23.92756551
29.90222379
28.61378103
33.73048421
24.75817077
31.15362125
25.17287624
29.85891765
27.71944995
27.71276615
25.574849
28.9778451
23.43231774
31.94546722
27.67940809
26.39554486
25.96356442
30.638151
34.8850639
29.34745289
25.51339571
25.08214971
28.05126476
33.56845932
25.0641034
24.2086683
25.47670247
28.86667989
29.28417619
28.85285998
25.02810915
35.20061345
28.83216149
35.60768689
26.27558484
22.87972103
36.0057774
34.30319915
35.98859639
32.17036517
44.86018963
36.80904885
42.3008645
37.63729865
38.89671015
42.69335249
38.87820394
31.26416284
41.81643789
35.04989541
39.26344607
40.52038543
36.71288333
35.4385115
35.00831925
32.46989719
34.99172385
29.92558782
24.8618525
32.4391428
29.90433856
25.26529352
23.57536405
24.83245819
26.08895891
23.13796418
29.02077316
32.37785572
28.16629145
25.63788802
25.63184269
25.62580099
26.45975514
23.09434533
24.34830267
23.50317285
24.33684453
25.58962685
29.35824153
28.93203676
23.89476308
19.27896423
25.97859057
27.64813864
28.47927833
32.65974664
23.86114296
25.94814357
25.5236447
26.77263512
25.92991908
27.17823143
19.22932627
22.1503475
26.32350397
33.83659707
28.81703541
30.4804697
30.05591224
28.79686216
27.12115182
27.11482856
36.28369677
35.85828661
43.35507772
43.7617469
47.9182192
44.15795282
62.47244571
61.62517257
64.10852142
52.44054447
54.92487648
39.51889355
45.74976414
44.90756109
40.3227968
49.04276668
45.70735263
54.42037626
41.53304621
43.59952157
39.85167835
38.59738406
38.58846003
30.28286575
34.42324853
32.34208751
33.99280627
30.66935514
29.00485904
28.58391032
34.37561758
29.3988721
35.1877247
36.4212551
38.06800127
29.78549299
28.5378645
31.42578203
35.96598106
37.61094488
29.75127468
28.91820863
29.7376157
36.33763499
33.02663652
40.86109157
37.96322011
32.17883377
36.29601016
35.87533972
45.35089237
46.16485954
41.62145142
37.90244034
53.13531456
50.65240651
51.05253939
46.51321003
51.02923621
48.1376623
43.60210829
53.87295242
40.29148896
39.46022259
44.3842852
41.08732707
39.84404443
36.1389519
42.70160103
44.74431067
37.34548341
38.15759408
32.81628387
39.37060234
44.69353541
39.76266588
37.2946617
34.00830036
37.27776093
33.17378854
28.6622154
31.11193375
33.56054452
36.82641341
37.63626746
33.53778766
37.21035604
34.34026399
29.01914669
29.01259789
32.27434059
33.08395009
33.07649206
26.53688266
33.46975685
40.80921767
36.31057552
35.07872829
41.18947542
33.43211668
37.09315572
37.89987198
39.92852888
35.43879616
35.43084175
33.38709359
33.37960509
38.66282306
37.43349988
39.86588109
31.31617681
37.4083535
25.61085666
32.10801611
27.22475897
30.06241428
35.7419084
32.48538491
43.44112285
40.18271328
43.82752775
34.89062015
36.50529698
27.98115524
36.89445941
33.64349417
40.52692494
32.41302622
40.91395984
44.14471921
40.0843583
33.19380552
48.97183823
42.48699776
31.14902674
36.80431502
33.56132238
38.40504136
42.43988217
35.96350917
42.01707938
38.77491457
48.45952708
46.83389532
50.85990562
48.83091709
47.60974478
50.42280942
55.6543152
43.54628222
45.55218016
33.85312616
34.65150661
42.29935308
36.24721446
43.08602416
32.20554919
35.01582182
35.41050548
36.6096236
29.76391411
30.96374868
36.98751515
25.32284125
26.92472486
24.90994585
29.32301421
24.89901295
28.50713126
29.70514287
32.5079616
34.10581816
36.90644682
27.67377427
31.67753098
32.87328077
28.85803068
22.03950902
34.05361465
31.24237161
29.63372487
27.62541322
25.21769821
32.01548726
33.20882355
30.00143063
28.79509626
23.99068561
27.58327978
29.17595715
31.56710945
37.55269279
33.55042738
31.14719538
31.5396626
41.11399542
37.91096796
25.93345222
29.91672037
29.11262424
27.91016117
21.52602833
25.10825751
26.69664816
27.0892382
28.67651383
29.8649046
24.28486806
28.65790826
29.44759445
25.06483203
19.49065832
25.84937204
25.84379237
24.64568285
17.48671191
28.60844954
21.05445841
19.06408015
20.64830507
21.04085647
20.242504
33.73024765
26.97839424
24.19600315
25.38051428
34.49422376
32.10841412
31.70520533
38.83054074
55.06573918
49.50908863
65.33747898
58.98923181
74.41300596
71.6270245
80.71131676
58.54317172
68.81278023
58.91351179
53.76204873
58.09790315
49.78778995
40.69113936
54.50605012
55.28416956
58.8254985
53.2870528
65.11438539
55.63157399
52.06962869
46.93171838
47.31601484
41.78710302
40.98997553
37.4333643
47.66972585
36.23585052
36.6219376
32.28345392
33.45745242
34.63095368
28.32840643
34.6162662
27.13654637
27.13079637
25.55258299
26.72627274
25.54176502
28.67929733
27.10209528
22.77665448
28.26849142
22.37449388
24.33202842
24.71926018
25.89090201
23.53221755
25.09573789
27.83471433
21.16560252
18.418032
19.98131483
25.46101996
27.02216353
18.01098555
27.40225715
17.22065467
21.12999807
22.69041504
26.59696857
20.33458832
24.2399978
23.45314103
23.83902616
23.44330665
25.78223299
23.43348337
25.38095721
27.71801089
26.15095897
23.41387004
22.6286745
19.11333197
23.00920257
21.05487082
22.21994474
24.55375952
21.82100946
27.27057182
22.59090474
25.31211562
29.20020111
21.40902016
25.68547442
27.23649903
28.78687891
34.61485515
32.27455678
40.04478805
38.09146988
31.08861836
29.13952771
38.06774604
31.06926284
31.06281824
26.7861254
29.49744292
32.20763765
25.60558773
35.68524694
33.35104358
27.14058136
31.01139156
27.51691925
29.06116023
30.99216599
19.75342496
27.8814302
31.36013488
28.64408848
22.83314391
28.24535318
22.82373098
25.13960764
26.29448042
26.28906664
25.51060719
26.664693
27.43193951
20.85943908
24.71721709
27.02890186
21.23263264
26.63183391
28.16992567
28.54995646
21.6009414
28.15259705
26.99010837
25.0571089
28.13529745
30.82689025
36.21418307
38.9045641
34.65897083
36.96201085
44.65484202
40.02735584
40.01918135
33.08475618
37.69353978
35.76310261
36.52475142
41.90034061
48.42514573
40.34632337
44.94800074
56.84531833
43.77770097
55.28649513
49.13372805
37.22542077
42.20735084
38.74627505
45.25847445
37.96209798
32.58710629
35.26359543
31.68021471
31.16344417
33.19964184
31.15081762
28.08121566
34.71081415
40.3180664
34.69677014
34.18012818
25.50215098
29.0659961
31.10045143
22.42835701
30.06814334
22.41930487
26.49061437
25.9749415
24.95230425
29.01911658
23.92373266
25.95401555
22.89599233
33.5740317
21.36099535
27.4586145
28.97826714
23.89006772
33.54030255
24.38804939
25.39962692
18.79259247
23.86610108
18.78505571
24.36360039
22.83629878
26.38434109
20.79858018
24.85227268
23.3260989
27.88412407
22.80889231
23.31210988
26.85357733
20.26343365
19.24596258
20.76119607
16.20073843
20.75291368
20.2432266
19.22677692
22.25806829
14.16209382
21.74405777
26.28969443
22.24035019
20.21503017
24.25200058
21.72244279
23.23327462
21.20785463
19.68909798
26.24792982
23.21483222
28.25520578
21.18682453
24.2087148
20.17094057
30.24890602
30.74797394
25.19794704
21.16166465
35.26347316
27.19709543
31.22062686
30.71151127
37.24851148
40.7649287
45.28525829
50.30635594
69.91165172
57.32699326
58.82396329
58.308712
50.75885881
53.26166343
48.22808213
43.69824206
57.7496973
47.69656537
46.68426531
43.66389456
50.67906761
45.15175744
58.68531384
57.67035412
52.14342581
42.1086863
47.11171029
49.60837967
37.57511016
36.06360141
38.56097118
36.55117869
32.53881449
37.03687758
30.52502097
30.51905769
36.01427876
25.00553348
31.50019356
39.99294234
30.9885984
23.98610911
26.97911411
32.4690327
27.4690229
28.96163964
32.45007396
28.95037063
23.4549112
23.94878569
23.44579447
28.42813282
28.92225185
19.4432753
25.42088747
28.40606855
25.91027932
19.42819515
16.9351148
22.90742413
22.90298812
20.40919164
18.41503307
22.39111897
23.3822549
25.36678961
22.37813618
24.36359109
26.34678857
25.84519573
22.36085873
23.35066628
20.86208515
22.34792528
19.36446964
20.85002704
18.8611739
29.27854276
23.81484409
26.78654587
21.32691749
22.81038712
22.80600385
30.23661154
31.71751749
28.73857546
30.71408745
28.72754906
31.19700255
23.26998799
27.22602971
32.66378952
33.64765186
38.58936457
40.06584558
45.00295832
49.93818412
43.99658157
47.4488681
41.01487672
38.04271586
39.02386907
33.09002742
43.45292867
39.49472595
39.98176851
32.07732701
35.52449359
38.47901976
29.59247355
36.49093227
40.92117324
42.39217152
30.55612629
32.02853753
32.02245366
25.12015242
25.11538415
30.52712657
28.5527416
33.46861857
29.03350918
31.97995849
27.05540675
32.45916012
27.04516344
25.56518796
24.0857732
24.08121885
24.07666697
28.98410282
25.54103514
22.09779541
21.60314582
17.67156432
22.57705452
18.64677349
26.00224609
30.90192322
25.99244965
29.91062156
22.060336
29.89936444
30.87285084
36.74795289
27.43270655
35.26336562
33.29852372
35.25012179
29.86005979
31.32266076
25.93389188
26.41775762
26.90291013
26.40785673
28.3596593
31.2874565
28.34904178
28.8319169
26.38315102
24.42476425
23.93229303
30.27527131
30.75733983
19.03670278
22.45033184
27.81248948
24.3928578
22.43777153
23.40794495
31.69284004
26.32412712
24.85704639
31.18832474
29.72088654
24.84317359
29.7098331
20.93939172
33.59261356
27.74526543
31.63394967
27.24887301
31.6222094
29.67123914
30.63738014
40.35653722
35.48827178
46.17403408
41.7919583
52.959429
50.52030656
52.454644
54.38681088
57.77475939
53.88178789
52.90071272
43.18587725
48.9995808
34.43903831
41.2226191
38.30579131
43.14606385
43.13811391
38.76873954
52.81299044
49.89672086
42.13865396
35.83472947
38.73308564
39.69458739
35.33147758
54.1967248
43.5436169
40.14866581
44.01077702
37.71722556
41.09395482
39.63634768
35.76244397
34.78904793
28.02034571
26.08223364
32.83876751
31.86662293
31.37853968
33.30292603
40.05320436
38.59846419
28.94320059
33.27860536
36.64897208
24.58825631
30.36819019
27.95388433
28.91154539
31.31561771
27.45596527
24.08027794
32.26201905
27.92336448
24.06714049
29.83771433
25.50186857
30.30746404
32.22685705
30.29646099
31.25306255
27.40113917
33.16378576
32.19764083
32.67178681
35.54810919
34.10081351
32.65404284
29.28782662
30.24162056
26.87705994
24.47246117
33.58454293
23.9844207
29.25608397
24.45478787
34.998555
30.6782484
23.4840235
21.56219293
34.49329249
24.42834804
30.17076122
22.98310909
21.06453798
21.06074914
20.09937086
24.40199204
19.61424128
23.91540505
28.21502483
26.29793133
20.55672037
28.1998398
26.283783
23.41236827
24.36261454
24.35825081
19.57909448
20.05255434
31.02863959
29.11448306
19.08837924
21.94756934
20.9891406
17.64735938
19.55111042
29.08328965
25.7404252
21.4465283
25.73124515
28.1092332
28.10422469
26.19469558
23.33304101
29.51745597
38.55707248
32.83785527
30.92918698
31.87564871
26.16209832
28.53436389
30.90721428
34.22908017
26.14352522
25.66270236
26.60892914
24.22840394
28.9748866
34.66853563
34.66239708
42.25147192
34.65012966
35.59360006
46.49936169
33.68248917
39.84352609
46.00096488
41.25188422
49.77767478
44.08118083
54.49856225
43.11754306
45.47904292
48.78604812
57.30150489
50.18929118
47.81302561
46.85894267
41.64475161
42.58418596
39.26434398
41.62279566
44.92525921
48.22798272
42.07312799
45.84736643
37.33323361
42.5244153
40.62643704
40.14747864
42.50206588
29.74524521
39.65480114
34.45559398
31.61817351
34.4435436
31.60711933
31.60159659
27.35195431
29.2326542
28.75661858
28.279336
29.21735469
37.22241544
24.49688181
32.97049963
33.43519746
35.31363589
32.01131381
41.88972523
36.23543197
35.75909979
27.75526855
26.80929838
30.5671669
29.62103871
25.85608854
30.08171045
32.42520533
27.72156254
20.67024363
32.87897265
24.8895258
26.76284068
25.82026263
25.8157949
26.28014007
21.58407822
25.33234989
26.26651481
26.73046436
19.22432504
20.15906275
23.90434864
20.15210771
33.26759417
19.67575267
26.69820608
29.50346076
22.94412138
20.13128604
21.06302019
25.74019919
30.41436666
21.52091819
24.7909698
21.51352432
22.44406446
22.90865141
25.2409067
27.10688794
30.83941654
27.56431102
28.02622455
21.48402576
33.15347424
24.74425029
25.20633349
27.06977179
27.9974585
37.79150802
41.51583625
34.51296761
50.36239461
55.01559114
46.14988885
49.40401886
49.86111622
45.19400355
55.90082565
51.6995608
45.6361174
49.35354021
38.63791403
36.30511147
40.95200393
38.15339895
37.21606087
50.23391558
39.52907093
38.59198023
47.41906492
40.43901758
40.43216061
38.56580718
35.77188869
36.23124367
39.01154841
37.14670437
32.49838875
41.77677394
35.27195195
36.19448184
31.08461081
30.61457529
37.56748038
29.67776538
30.13591638
38.01154719
38.00513773
32.90100171
33.82254074
30.11052643
37.05276245
34.73207281
28.7063304
38.88666724
35.17692854
25.91526602
33.7770461
32.84569216
31.91465202
31.909295
35.14149716
39.75812427
37.90303638
41.5942924
48.97991611
47.12421955
52.65926333
57.73108351
54.94949855
62.78931822
52.1615075
38.7694861
44.7613692
53.05856724
56.74051921
51.19644672
35.9702898
60.8616868
47.94300775
60.38094709
56.22201197
69.11472613
54.82125034
58.95892698
58.02760482
72.75278046
57.54839349
52.47511264
46.0228613
48.31639166
37.72637796
37.72011582
41.39362775
43.68502991
48.73562071
42.29149104
42.2844834
45.4951282
42.73085458
37.67013467
33.98900484
42.24949927
37.19275118
36.72660842
38.55746191
41.30464422
25.23763557
37.16204415
41.28419401
38.98381409
29.80599364
42.63918868
38.50660274
38.95812179
40.7842271
37.57078795
46.26792956
50.38248494
49.00037124
48.07749701
51.27368766
57.2165074
55.37562817
45.75762883
52.155467
53.06083128
55.79618298
48.01441198
54.40631992
45.7126379
43.4194839
40.21406077
51.62934395
43.8559054
38.82410055
41.5577669
44.29054108
49.30547791
44.27607593
32.85867428
47.4552414
45.62307078
40.59755644
42.41614264
39.21632961
36.01892805
41.02786926
50.13579602
41.9250084
53.30978873
56.03444133
48.28172799
53.73874768
62.83710284
71.476337
54.16730341
68.72248116
56.88131039
54.14094967
51.40284371
46.84682276
63.20991158
52.28765938
53.64297745
44.08937267
43.17289341
50.8907123
50.8824866
46.78622753
45.86991034
49.04197003
47.67203502
42.67062442
45.38690147
34.94203412
37.65868377
38.56035064
41.72865827
36.28000646
33.55363843
35.36254019
35.8096746
33.08470086
33.07938311
33.07406807
28.08547608
35.7809152
32.60439475
37.58004386
32.14169381
33.0422348
36.20432503
31.67421768
44.33598789
30.75895948
45.22676338
37.531909
32.55220092
34.80765628
25.76225365
26.21093837
32.98412649
33.43016115
33.87740947
26.19420541
33.86660172
32.95782124
25.27844133
37.00920472
34.29581688
38.80167544
35.63821427
32.02382542
34.27399149
31.56320207
34.713463
27.04480274
28.8441091
36.95039365
35.59293287
25.67625228
27.92457588
28.82123418
27.46592717
26.56077533
29.25719076
29.25255854
30.14830107
35.09277121
24.7409372
27.43551199
31.92749276
20.68275758
30.11971769
22.02461689
24.26720546
24.26337675
24.70969941
22.01072304
20.20991857
28.73936486
35.02083698
25.13868848
30.07227216
26.92535225
22.88294992
23.32886422
25.56702186
20.63069047
20.62745032
24.65920825
30.48230332
21.51322783
28.23168313
25.53894678
23.74346627
24.63601689
27.76659868
29.10556464
32.68306479
30.88653263
26.85365403
34.45724902
33.55791672
38.47264127
36.67795517
43.82716413
35.3250809
31.74254798
38.44262934
42.01254248
45.58134406
41.10541766
38.86629157
35.73276924
34.83493236
33.48996785
37.50276997
35.71054211
30.34931045
29.00588308
28.55565645
34.35006322
30.77604883
29.43339286
36.56398146
33.43800338
32.98617677
35.20993262
31.63911389
39.65404495
31.18428867
32.51568902
28.05637677
31.1698233
31.16500639
24.48319871
28.48499505
25.81062509
29.81098284
25.35691306
31.58050081
32.46551907
30.23680927
31.12176374
32.89458846
32.00018613
31.55132747
24.43795376
31.09782498
29.76052351
34.64155373
27.53074926
32.41062448
30.62915802
25.74318557
34.17032092
28.84072197
33.27347391
29.71944683
30.60099259
32.37089243
35.91323541
29.25707482
28.36704344
32.35108655
31.45952687
28.79661174
27.90586939
29.67402462
23.91201352
32.32145264
31.43071978
23.45890284
28.32376441
34.95661184
31.85353121
34.50406464
26.9796875
19.45760126
26.97147896
25.6411568
27.40484316
21.65590998
30.0477501
26.95099381
26.94690298
24.29278822
21.19699223
25.16761159
30.90379133
24.71902218
30.01131449
23.38772718
28.23785871
23.82134388
24.70032043
20.28700089
22.92955014
26.45215833
24.68539292
20.27474487
16.74588694
28.63964536
20.26556904
21.58392434
20.69942301
22.01731686
24.65562798
19.80922145
24.64820546
25.08412937
24.20122416
24.63708568
25.95300476
21.11077887
20.66830614
27.2603403
24.17941977
29.00989561
17.57999699
19.77354279
26.36077237
24.60014076
24.59645648
21.0791442
22.8332001
21.5127318
26.33710599
21.94474599
24.13600793
28.9578295
26.76093486
25.87925312
19.29701321
23.24057216
27.62094474
26.74097906
26.73699391
24.97920746
25.41453027
24.9717694
29.34928945
25.4031856
21.89572414
28.89748131
21.01322687
26.70121752
24.50858707
20.56672377
24.50131233
24.06066442
26.24315089
23.61533456
20.11465994
25.79473169
18.35932106
21.41691134
21.41374212
18.35117196
20.53323547
25.77184196
28.38846729
23.14418084
25.32424958
28.81200225
22.26053469
22.69454062
14.83685215
20.50597309
19.19428034
22.24413322
21.36953954
21.36639408
22.23431206
18.30791663
25.71491812
23.96847569
24.40022879
25.26837368
26.13495763
21.34128702
34.40179946
26.55971703
29.16778531
31.77508987
24.37160748
35.24730222
