5.0000 0.0100 70.0000
0
13.45335477
21.48708262
0
0
5.334204938
23.99049526
0
0
0
18.52051447
0
0
21.02664396
39.36224495
2.626477075
0
10.44312168
36.44721797
0
0
12.93724688
20.66435997
0
2.581396469
5.131131308
28.20029694
2.566711886
0
10.20638929
33.07037302
0
0
22.77602795
22.733407
0
0
2.518948666
35.09324365
0
0
7.479824585
22.3981033
0
0
12.36793492
27.16805844
0
0
4.906980114
26.97062265
0
0
2.446121846
26.77603902
0
0
2.42856913
12.08001295
2.419887009
0
19.22883114
36.00270541
2.402707895
0
4.76812927
45.26789778
0
0
9.489421733
35.49781236
0
0
7.062422731
18.79368698
0
0
2.344457455
16.34316525
0
0
6.965259297
46.34877917
0
0
6.91767455
25.31503854
0
0
6.870736395
27.43640538
0
0
9.105686552
27.25181228
0
0
9.044731581
13.53484488
0
2.254664068
8.984588356
20.16749142
0
2.239746211
13.37838639
33.39082594
0
0
8.866673165
30.9543381
0
0
10.99706095
19.77370479
0
0
4.366617906
32.74307091
0
0
6.517009116
36.86425993
0
0
10.7861208
32.3250375
0
0
12.86840712
32.12000403
0
0
8.530818791
21.26631695
0
0
6.353478924
23.25362268
0
0
4.203286295
39.91373281
0
0
10.45200446
20.87168399
0
2.087810682
2.084597148
31.13270798
0
0
12.39593299
10.30832253
0
0
4.101031282
28.69848824
0
0
4.07624143
26.48156951
0
0
16.22424136
26.32269856
2.028402151
0
8.072241598
12.08175428
0
0
8.024318621
20.00554973
2.004389148
0
7.976962266
17.90904025
0
0
3.956662843
25.70586109
0
0
13.79265734
9.828002834
0
0
9.785261613
19.54219436
0
0
3.888230589
13.61400453
0
0
7.748338395
34.79299004
0
0
1.930134275
28.82915445
0
0
7.660523068
21.01633526
1.913774595
0
3.80059314
11.40189108
0
0
3.779298731
18.88612179
1.892389063
0
1.887117294
31.94054967
0
0
7.490742307
24.28344497
0
0
7.449468777
20.43811598
0
0
9.24901339
29.56263721
0
0
7.368274
14.70087576
0
0
7.328338075
31.07610098
0
0
5.462756395
21.82161784
0
0
5.433467162
23.50325942
0
0
9.002381585
19.78498606
0
0
10.75164575
21.47481364
0
0
14.25483833
26.70206763
0
0
15.95817427
24.78628093
0
0
8.814367562
28.17519688
0
0
8.768587406
38.54366824
0
0
8.723281398
24.40256856
0
0
13.88845939
45.09061992
0
0
8.634062682
25.88378141
0
0
12.03787734
34.33148636
0
0
11.97694455
39.2823447
3.40713194
0
22.11228473
25.49320288
3.390016443
0
8.461002657
25.36562249
5.066785428
0
16.83763756
45.43076833
1.685289761
1.683197064
16.75410894
28.45808916
3.33968879
11.69575905
26.67992171
53.30823552
4.991936947
6.652440713
14.93903158
46.41059305
9.934955327
3.302915242
18.16489308
57.7370468
11.53893535
6.587648054
23.00777815
52.53131929
13.11341605
21.28174494
22.89641669
47.37593073
21.20467728
6.524108489
16.26987847
35.76173759
24.359986
11.35894903
22.67690503
58.24028167
27.47138423
25.8197056
38.69707163
48.30003331
14.47687134
12.84848668
32.08991003
40.06142831
27.21114686
14.39126164
30.33661398
44.65812152
19.12050856
12.72749276
27.01919021
68.26478298
20.60771424
28.51275604
31.63928594
55.30739332
29.98244694
31.52860584
47.23113538
55.05002865
25.12961859
20.39245083
36.04839884
53.22491962
39.08836174
34.35695941
40.56285502
54.54243849
31.12933804
32.65284546
41.93401139
58.94613666
21.68933984
32.503349
54.10593562
50.94691306
33.92586735
43.13156286
53.85963698
72.24507664
33.77178428
42.93589323
55.1388948
61.20189375
48.90877362
50.3717149
44.22320334
71.59403374
42.59772204
39.51426339
42.50208084
65.20246473
53.01502377
42.359424
54.39941703
72.45586477
55.79045375
67.77525757
78.23719433
67.62461854
57.04836434
50.98197937
65.91034398
65.83742337
41.84446681
46.27756752
59.64959942
78.94296732
56.54621878
49.04298208
66.80796497
71.1845244
81.48228875
60.67693887
65.04585036
66.44326371
63.42461063
70.71923404
67.70249865
55.87007386
67.55547414
63.08064656
82.05674009
90.75198928
67.26333865
65.7257147
83.16607156
67.0458951
71.34211683
56.71564427
69.73174521
91.42857442
72.47794174
69.50777956
81.00363629
75.14432614
63.5186388
64.88491627
73.45956507
56.11232941
53.18165364
83.2819649
67.41807436
75.93245288
65.83987672
77.20595787
58.56261847
92.73549464
62.71555486
76.88093315
92.44300446
72.45658589
78.06244552
116.2539316
100.5548333
91.95961342
73.49563986
81.89127898
73.3424001
70.43980585
91.48126879
85.76941893
82.86296531
85.59152192
84.09706341
102.2068493
88.11993334
92.22134698
68.39762647
96.21503682
82.18046538
97.40096676
84.80006498
90.26063105
98.49274786
120.5603713
81.67594918
77.44290048
84.28053758
85.56711646
70.31526706
106.0562669
114.2053566
67.35535667
81.01285297
85.04663709
100.033019
104.0393997
79.32527957
106.5699157
131.0217564
77.71795623
87.17971221
92.52807304
80.19902594
74.69343099
93.61047666
128.7554144
120.5018429
98.73321577
77.01954525
101.2440457
84.95842025
92.95816141
84.78944319
123.6979446
95.36432522
83.19139519
99.19754681
111.1538645
100.3432808
106.9241045
86.78728975
134.7295601
123.9270172
101.1737114
73.1519687
102.3077027
107.521385
108.7347913
108.6283649
123.0787619
125.6107785
109.6351656
91.05484641
110.7438507
94.82934007
93.41748344
109.1028208
130.0038666
112.8277022
117.9544383
100.8231611
108.5756414
129.3763058
120.1183553
104.3481712
130.309654
130.1843365
109.2542009
131.2376358
97.36013231
125.7943619
93.28638304
100.9645386
131.8968246
127.8946948
85.18549939
104.4487559
114.6529108
109.3915753
122.1508446
115.6040097
141.1610689
116.6709864
130.6489125
112.6108098
120.1764667
132.8413064
125.0585713
123.6621503
128.644846
124.7059723
105.5169505
106.6918396
112.9336532
128.0426073
131.7229531
101.2273507
154.2243616
117.4524392
118.6085476
114.7156992
113.3457962
142.1816029
99.30863769
110.5217041
158.1044684
144.169798
95.18329159
102.6042638
115.0164063
157.3753359
124.7851259
120.9296097
144.4802383
128.1748879
120.5965466
110.5510184
127.8225228
115.3016895
109.0052588
122.5175384
138.4854189
149.478649
125.8857225
131.9338923
130.5887286
139.0801739
124.2055911
122.8606588
152.2133179
154.525129
129.8798946
105.279211
113.7398421
146.6347132
107.4331232
115.8793271
140.1482221
118.1030181
125.296798
123.9653798
138.4277666
123.7433199
107.8797369
118.6841105
152.4546172
124.514055
142.5224747
111.019883
150.7026337
146.954406
126.3648718
146.6935246
168.191061
142.8321613
123.521994
127.007785
143.654191
121.995208
103.9599632
180.2854042
161.0442852
135.870162
141.7022317
148.7173577
141.4535716
141.3295701
140.02571
136.3458897
161.095855
177.523452
112.3390894
126.4106069
126.300475
130.9121549
119.0195434
147.1665839
187.0330573
153.9641362
137.3916191
140.7929761
131.2950862
149.9175593
162.6591796
146.1506667
170.5607039
128.388242
145.7733227
129.336116
142.0297438
147.7213726
133.6561165
160.2499048
168.2287913
148.3785861
111.1863668
152.7580806
134.1217557
138.6324303
133.893283
155.6984871
172.8436059
161.1882175
125.3914847
144.8243099
142.4076853
152.6058361
126.107341
143.1857763
147.6469058
153.2377629
151.9625719
125.5762258
140.3047843
159.5616663
157.1529753
163.8488967
158.0199315
145.3939927
163.4373126
148.5532128
167.6905262
148.3050695
150.4407579
142.4090455
163.7433922
143.2940736
134.1575914
118.2765411
138.440761
161.9457946
152.8145987
143.7080721
171.6318972
160.2859762
145.5889526
167.8493216
165.4775305
125.1263815
141.7601846
155.0295919
163.8156848
151.4339206
156.8797338
144.5145155
152.1757955
148.7211528
133.0750319
124.1037414
169.3893314
155.9837185
166.9052815
170.0831227
137.9405382
146.6476531
146.5284946
150.8166943
178.1910661
160.4652404
142.7587936
154.7214072
161.1663454
136.9375192
142.2978237
156.4069315
172.676252
160.517422
168.0302205
154.8104681
152.5101691
179.5975427
138.1215136
153.2334954
163.9648792
146.4773787
138.7672047
142.9931148
166.6890881
164.3958373
152.3787656
160.894146
178.0258103
175.7308447
168.0464376
159.3037866
133.3700876
170.8714836
148.1916477
162.0190927
159.7494879
147.8405095
158.4237138
156.1623171
160.308845
167.6621192
151.5218402
171.6671035
186.4469403
168.2035144
136.1552755
194.5100036
152.940474
166.612766
160.1192173
175.8899962
181.0442007
142.8214821
125.7912661
146.8187794
168.8721658
176.1183699
164.390984
151.6346285
165.1913002
151.3996091
155.4792054
175.3007363
169.922821
164.5532163
151.8567727
175.8094873
190.3127466
168.2293975
158.7018939
162.7476528
164.7137645
188.546279
181.1115282
183.0502055
189.1465736
179.6541141
151.5038951
171.0861176
155.4116734
165.6506652
172.7612312
145.7603101
184.8954003
180.6313624
165.0211517
177.2647655
159.6237969
155.3831146
162.4671074
190.0811957
204.3103248
162.0986482
139.4168182
168.0010657
179.1326817
145.2394587
177.8377781
153.1894727
186.7563532
180.496622
170.1668601
152.7297676
162.794239
184.0260575
167.6280787
161.4107548
192.7359178
146.979225
182.3234843
142.7165764
172.9479015
170.8004187
175.7206684
158.4350298
199.6644624
180.3654305
163.1148159
166.0127973
178.9648194
190.8814817
190.7403199
201.641563
211.5127693
158.2706139
197.1883035
189.0429583
167.9116414
167.7881147
154.6943974
195.4637986
207.2806127
189.2013033
198.0196993
174.0151047
169.9098458
167.8023115
171.6433488
198.2911032
188.2348837
182.1567351
163.2304801
167.0692721
162.9929713
194.4643402
184.4547429
207.9809383
196.9965202
174.2151308
168.1867739
194.6055861
158.1263339
164.8774269
171.6271058
171.5032488
192.9216735
165.3836771
168.1986717
182.7292032
191.3874102
189.3008219
166.7376272
190.9754674
181.1058582
190.7018298
182.7886492
192.3779486
179.6142033
169.7879692
183.2391237
173.4160902
191.6923095
185.7503042
187.5491343
187.4157409
168.9432258
188.1170892
172.5545389
228.307423
180.974964
187.5841995
183.6030676
179.6275679
182.3808027
211.9954657
187.8756196
187.7431419
211.547325
214.2602674
182.5695279
190.081101
193.7688896
226.0630783
176.3372215
177.1689385
193.2258467
219.7220736
172.0465108
196.6151413
191.7338493
166.93749
174.4023365
197.9668968
188.3595156
198.6319205
180.5372293
182.2984556
158.5759676
197.1423036
186.6380962
202.5214826
207.0856817
177.7834715
175.7749027
194.440323
170.8405615
194.1718754
197.7907287
206.0863851
201.2658556
173.0593355
192.5743557
173.7583678
194.1744804
186.5795911
174.3278899
204.9561694
204.8157705
199.0927137
201.7460373
199.7523514
214.4677303
196.6958273
184.504101
198.2783654
198.1432932
193.3839896
206.1967079
221.7644556
175.4403351
213.1573011
193.6450533
185.2268162
205.3585293
183.13001
172.8912205
204.0202564
191.9467332
204.6652775
177.0084787
203.4700277
230.81457
216.0095676
202.1496775
232.1748043
234.7595788
202.6502731
192.4808502
212.4052161
231.3969002
185.7178594
181.046539
190.9253652
203.5171133
172.5109101
195.9880845
220.343405
228.3531254
191.070651
198.1815525
207.9964278
175.32633
193.272831
202.1661917
197.5242627
215.4203652
217.9803149
162.0284986
194.3025177
220.2452923
188.6547824
199.3051355
223.4011768
208.0121138
194.4330596
184.4565994
216.5459798
209.2511999
196.6033395
209.8721068
212.4122
202.4556328
216.5884427
195.0661646
224.3173542
217.0481135
227.5755055
184.7852684
218.4040044
225.3579432
174.6717624
196.7081676
226.6865671
220.3487179
206.0512742
210.3419355
232.2836466
229.484654
202.8702732
200.9780831
193.802085
191.035248
217.3013382
179.3544707
199.4477877
230.0535679
194.8048105
212.2181124
205.950854
192.6791946
189.0512589
209.925212
214.1591129
234.9901429
197.299792
193.6805326
220.5837684
210.8590181
211.5974346
193.1850465
198.280254
232.917658
218.0040637
201.375726
220.3288024
214.1169173
207.9203072
187.8746337
215.4441027
208.391211
187.5167261
216.758909
204.5396453
213.0312585
210.3101314
211.0409762
229.8440828
225.3990664
215.8003371
213.0860596
241.2848331
217.9669213
205.823912
192.8365882
196.1442287
244.8114601
225.832748
185.5143042
210.1756684
226.2641282
219.2973482
215.7460057
225.8391381
238.475094
213.6411303
221.1644028
213.3742929
219.1913698
215.6556105
224.8537357
220.4755596
233.0519369
205.8038209
209.9060755
229.2311475
196.1226689
204.4456313
209.3853715
219.3823778
228.5212377
206.4679929
218.9752518
226.4161818
238.8885157
207.6372366
220.1129103
215.7808851
246.6941902
202.1006455
222.0855523
202.6849448
241.9042026
204.1068239
219.8702723
199.680665
209.5794309
226.9773641
195.9822206
224.1988313
216.5641878
237.2407935
208.8112437
229.4673396
227.6676438
204.2790451
216.5976819
201.5417228
217.9967362
189.6999487
214.4173996
233.3170785
222.429277
220.6366707
208.9414399
217.8928191
213.6382795
217.6290726
205.1446453
231.362942
215.5910096
259.0507128
221.0871669
216.0248418
233.9521701
228.0723341
232.0328358
239.2689992
255.5035078
223.4269118
211.8423912
244.4129963
224.663733
247.3886733
243.1623692
211.2083739
230.6447508
195.4825599
247.4591525
225.3496727
238.2212744
221.8278534
213.5782601
240.2307259
246.5752734
231.0289472
216.3067853
234.8010229
223.3336201
223.2010761
221.4542924
215.665678
230.8805501
209.7665209
212.8635607
249.0056321
226.302811
216.5159673
230.8628178
225.9023161
242.6442845
234.4748202
210.2577884
244.622382
232.4531918
213.0941669
219.3726913
233.6488732
251.9050715
224.5776214
229.23923
245.070736
250.5150904
227.2442589
232.692673
262.0240119
233.2124845
182.9599956
228.1696042
236.7825722
252.5266949
240.4733862
205.430913
222.7492198
277.2864971
231.2059574
223.1550203
257.8268853
251.3553948
203.8120677
232.1135045
221.7178717
240.51849
226.9815006
226.8503715
251.9119264
236.0311562
257.121918
208.2521868
245.0495509
277.0874584
229.077437
240.7015633
213.1420445
229.4615731
231.6783181
285.5221498
231.4126722
255.5012626
214.7527799
283.3095809
218.4055593
254.1417782
236.8511237
219.5868343
226.4666794
245.7807642
240.2028471
233.8454621
243.0312611
225.8224048
259.0444422
237.9653908
254.8783108
267.8957792
247.6237141
238.9770627
268.9842835
250.2890992
257.0970699
235.3471583
260.6672843
258.2073854
220.3145155
239.4358783
196.9789371
246.0881407
251.3260503
265.0133668
273.3082539
249.3693639
247.6974235
264.4178536
237.4576664
237.3244243
218.0643637
258.4756129
230.8126107
240.617129
247.3478675
221.2680497
244.7833363
221.7852884
252.1305463
257.321903
234.3488732
242.5822913
237.8863596
240.0330849
249.7724896
261.0102053
241.1541204
234.1979521
236.3407758
240.7527801
219.42772
247.2866588
263.7822563
250.7947445
247.6335091
240.7045409
253.3917674
276.6166091
241.0615465
244.6914847
258.851597
234.6477804
265.3323908
274.2025708
263.5407488
238.6349358
256.5001416
224.8782485
212.7640873
265.8155961
234.9848346
252.8094648
265.3789241
268.9677652
227.0002955
249.2688501
257.3366991
280.3057545
248.1134249
250.9593768
263.4750413
280.4409587
243.1115425
234.8064538
240.6187744
255.3331415
221.0747512
263.9545341
232.6890741
243.674158
253.1624362
225.6513042
259.5442072
240.929196
262.2205232
245.8329713
258.2432299
251.4658041
232.1724182
256.3539079
253.2681815
278.150298
230.9346526
233.7531282
241.7078389
274.6187741
245.1159395
249.3858573
236.7897168
266.6993837
250.447487
247.3893573
274.3229344
282.217624
239.6818079
235.1709361
267.1659909
238.566036
237.7135411
237.5867228
247.6570663
257.7166785
223.3781522
239.2628465
254.3954467
262.2503782
265.0177942
242.3814155
248.7814512
276.9193548
241.995808
228.8308905
267.0730047
280.6738543
235.700771
272.4290345
254.9487664
274.3070827
251.7973019
240.1231666
259.4586775
284.5352898
254.864916
257.6053627
255.317993
281.7798421
226.3117379
256.349836
261.9555189
265.403073
240.8885803
278.7434009
260.6881151
287.0362899
243.2483731
227.39157
273.0090693
263.5830337
262.7292915
239.7567172
255.3201257
255.1869794
242.2340569
257.0576574
261.908521
258.2170385
255.2364406
280.6890367
282.6681696
236.3817817
244.7742489
250.3190929
289.883455
272.7294332
237.1899423
259.7074391
263.8174424
272.8743899
238.8196195
257.7602767
251.2738249
289.2388469
232.6813626
266.3877927
252.163014
265.4133598
249.7982153
252.4793167
252.3495311
284.5386136
275.2664924
257.5745682
294.6245324
272.7394283
250.8707986
252.8438408
258.3195809
265.8831476
246.1670079
264.9103187
270.3627765
286.2851067
249.152608
249.0255407
283.0620881
263.4016031
252.1260757
295.8543302
256.0448343
278.8609773
256.481762
234.119375
276.3529335
272.7441439
249.0219832
254.441069
265.4030393
280.504254
255.4434435
253.2382407
263.4791699
265.419969
272.1974585
227.8651376
272.6150585
267.6462836
256.4823108
260.4825708
275.508513
284.3167854
251.8373362
261.3384345
250.2054504
276.8782636
252.0147122
240.9089965
262.7416755
241.3552844
249.4536163
267.8258014
246.4689706
258.6589468
247.5887772
261.8229511
275.3576127
252.0012459
260.7465879
237.4207938
256.3947449
282.1683729
247.963625
279.8446812
267.4538914
259.8395093
254.2726066
260.9388616
251.3011637
279.692834
242.2337811
269.241399
267.0742264
247.972657
250.5552771
265.3261134
249.6348691
262.3569958
240.599229
251.9639587
250.4910624
250.3675943
266.434906
243.3763336
257.4094347
251.2202779
246.3875914
242.2287967
264.3006528
269.5473401
243.2142575
255.8522036
262.4417337
261.6402839
239.3865382
219.1598349
244.510357
255.1016171
250.2953988
234.1169437
252.0570603
260.6189067
253.1453707
242.3424943
248.2308316
246.1087919
258.6530804
234.5423486
253.7370986
274.2541375
238.1875095
234.748202
262.5553747
261.7616849
245.0349742
233.6331653
262.706499
291.0922679
265.7647145
255.7037718
250.2786966
239.571187
248.7157272
257.1939312
247.1557811
265.5302637
248.2363181
255.3747185
276.3592494
245.2443305
231.2867116
252.2525661
284.3891943
266.4843943
225.5823933
246.510759
250.9887906
238.392622
242.8702559
264.4083218
276.0820275
279.8833645
261.4062413
240.9819637
247.4094162
292.4333359
240.6370243
253.5941903
254.7782173
277.5122916
253.2319124
238.7613109
264.7293869
257.4352983
245.5857012
220.7251183
268.7792
232.8730834
227.5622474
246.9534509
270.8702294
266.8458168
244.6555921
253.6203456
236.6429921
250.7862342
237.0690357
233.715846
255.612448
263.2491956
243.73262
254.6028996
244.79313
267.2749996
236.1764255
245.7360041
256.5797961
280.9472854
251.1872392
227.8956194
259.3196465
297.7882545
252.0057682
243.5313002
260.1167295
249.0818116
232.9249857
237.3026177
240.4011106
258.2291651
255.5445296
249.0262895
264.9054921
277.5733901
239.0876269
231.3074552
275.2693361
244.5000398
252.0443902
265.3172015
286.2340667
248.5031157
234.3775933
261.0045294
250.0665028
283.024309
254.2871968
234.472097
257.8630635
238.6959794
237.9545435
240.3782988
245.3377931
275.0090526
229.9136287
243.7336443
241.0879424
282.7219661
242.7626569
230.0126248
269.6991269
283.4680623
276.3917066
223.2848961
237.050825
262.1487887
252.5789067
243.6492727
283.8151145
269.217415
246.4620467
233.7804088
276.3866417
238.5883571
264.8358956
238.3702678
277.7628697
268.862532
233.6564787
233.549891
261.6057743
275.8750361
233.8578711
242.5009337
234.8928618
269.1313495
252.7804855
237.0702099
236.9625232
258.0466901
250.4522912
240.3770116
268.2771653
290.5516872
231.3444211
233.1047725
252.8775527
263.9435978
242.7187472
226.4759112
243.7383091
273.3836275
224.9315943
217.396693
260.016461
272.2754464
238.1323928
234.315154
256.4598715
269.932222
225.355809
254.8761793
246.1261537
247.8656727
229.8807128
233.4743197
262.9248831
249.8853838
238.0811782
243.5097331
260.6100226
263.5692663
256.081138
242.4640163
255.2369922
284.5595126
245.2031508
211.3920834
252.9441629
272.4225115
248.4382782
210.4021504
256.1626462
267.6577688
250.4366394
224.0711813
270.3564049
236.0724873
241.4561883
229.159632
232.7137615
263.0598392
247.7228663
238.4911652
259.0613168
236.4563461
252.1495541
226.5271627
265.8840154
260.3099687
244.4252163
247.3473333
234.5109146
265.2980777
264.5791062
236.6238942
262.5312149
278.738328
257.4663189
238.6263868
281.3940465
253.5051205
221.4151403
232.1745104
239.9066554
266.3146623
242.1075296
236.5827591
265.3614153
255.6238248
212.8270473
254.7976101
272.1068378
265.3841452
262.8656243
208.161146
256.0411175
267.3208993
259.4131613
217.3831535
244.8241772
269.2458576
233.2445766
236.7305376
250.9708897
248.470686
218.5138027
233.9355475
241.5864585
242.6727
233.0336224
225.7828102
251.8881809
265.4695237
236.200661
224.2043809
254.4236797
265.0107602
213.2215478
238.0625798
247.4576862
246.7560387
225.3068326
233.5064556
265.989263
268.2403307
239.1214394
229.5544059
268.4875239
274.8738224
225.1202273
249.2408237
254.4479349
299.7773949
238.3012198
229.9450688
240.4564916
265.0944127
232.007241
224.253437
284.7576982
288.7549204
241.6038926
218.5862719
254.9068029
259.4937977
256.4501669
229.3570786
256.2316301
267.8443694
231.9921363
251.8031358
259.3082653
263.2909655
254.9917076
239.6833141
278.149235
262.2631348
235.2940332
223.5221074
250.8425978
279.3096387
232.5620388
223.1436677
276.6236556
313.7647913
249.0441072
233.2325077
268.6005013
261.5123967
230.616629
225.2927366
269.8890136
266.8756931
241.8264676
223.7554346
281.0233192
262.951005
247.2067174
221.642906
246.9990099
252.6799016
236.9663677
240.3338202
261.0255434
273.0350995
244.0729479
220.3217524
239.8307385
257.0212192
250.0002718
232.6193687
262.452106
272.6996414
248.4340305
236.833614
270.058001
258.4582458
246.2972169
214.6300648
254.1225375
279.8185661
242.4478166
221.7188038
247.9706503
248.4417565
256.922924
251.0940992
261.2825775
285.1756341
261.0658934
229.5501601
280.2558612
284.1309932
258.3504272
227.4597607
280.363758
265.4375773
234.0112167
248.1417749
229.2677372
265.5649224
244.9937334
229.5491896
260.6938103
270.8070001
225.8601414
223.5010151
264.8000263
285.6623374
248.7195081
228.794543
249.0829717
277.8391142
243.2197962
239.1648617
250.9322263
267.7799067
236.0437819
244.4154425
264.6310492
271.8527845
232.2792413
205.1299675
264.7587005
272.5333589
239.2149352
233.493383
269.9530851
260.845375
240.5109918
240.4130046
247.0538869
258.1784707
227.2156232
237.7767607
268.5127997
267.8416711
263.814669
235.1538684
265.2797523
268.5292235
238.2235198
245.9522363
231.8848749
269.7700244
250.1190071
237.1817748
263.3070085
253.1618558
248.0422242
251.285551
253.4090452
272.2397038
244.3024346
224.7330367
224.6424431
283.4702296
233.3539894
246.5863524
271.4727453
278.575563
257.3831127
238.427538
264.3843392
274.8033293
238.1404025
244.6889667
262.8501204
266.618935
239.9722647
238.7721239
257.460699
257.3576519
239.034535
223.4887275
289.592149
296.0940039
239.7535621
250.6767559
263.2436446
266.9942835
247.6266228
233.2257095
262.8241211
271.5163231
247.7833616
230.109698
264.0531176
268.8876313
237.5143997
231.3892379
266.3777057
267.9158607
233.8509902
229.3795856
267.5972333
276.2415822
251.5273874
235.028013
261.1596304
253.958459
234.7491939
231.3816331
264.5674788
281.9130979
247.4620599
219.5774186
279.9453318
257.5118309
252.5117343
246.9745869
275.1550041
277.2181991
258.0905151
247.670922
280.6938037
304.4601926
263.6564053
253.7902935
278.6266402
295.3143979
283.8223016
273.4253165
285.7666097
299.1788861
267.156005
254.6176265
271.2690897
286.8285728
253.7774733
222.9130232
291.3489894
272.357739
247.4517463
226.3395744
259.6489477
249.3181565
277.2075986
235.133832
278.0706755
255.9174055
241.3095916
225.6354881
254.0077222
280.7518178
250.5903719
230.6467781
257.3688113
276.0247666
241.0938865
219.5779857
277.8472066
303.4257525
249.8143341
244.3726212
277.9534654
271.9691764
240.3484705
241.3266152
271.6541191
299.287341
245.8430251
247.8823553
278.6950342
264.2034589
224.6996029
239.5155072
265.494785
274.9673361
257.314734
240.2132474
295.8999108
285.1655537
262.2301015
240.9043641
248.7694264
265.1101813
261.2964084
244.7727258
272.2196485
269.9959902
258.7822622
266.0888575
271.2728649
283.3271668
250.4596506
252.4740744
259.244063
276.560237
262.7369311
251.5644784
253.0503755
298.7993968
266.0261596
233.8015565
243.7168154
265.7225493
250.367257
238.7061495
251.7539752
256.3875007
267.3206416
247.2683365
261.3413597
263.8685478
254.854116
211.2494279
282.4306887
244.0887543
219.3853446
227.1544391
279.9088941
280.8522066
269.2412661
238.3072821
250.7569331
269.4601955
265.7068704
223.861132
270.1973888
265.4065124
260.6148167
199.0334272
259.3738776
272.8134195
256.5776788
240.8759439
260.5444095
274.4847329
258.7895498
226.486677
265.8691828
287.5694861
231.4230211
241.7101094
275.8363424
249.8201744
252.3161128
229.4361395
236.0787207
288.2622161
248.3200445
247.7086103
257.9550615
280.5977222
244.3315437
225.134999
267.3762016
295.1392527
256.3482268
219.1287269
274.1933757
271.5163729
244.1210733
236.3067291
263.4973154
282.4338733
257.1296351
257.0341907
274.4102219
273.2780124
243.396946
237.6610257
270.9244376
289.8021561
250.2144066
246.5320333
298.1904165
272.9833034
249.8444791
229.7939235
265.0057628
301.2218177
260.7212639
227.9215294
261.0413526
245.1154153
257.7857422
252.0783584
258.6148118
268.2106557
270.6594932
258.8405482
282.6821429
273.9228383
240.7403298
222.8434879
284.8133481
288.2653403
251.5667592
236.7451655
273.2201376
286.8289162
249.6799489
228.7880755
271.2987215
271.1994957
269.5799222
236.5566976
273.4373207
270.8033379
245.4068488
254.4231898
265.4528828
302.7583895
268.7938226
228.294271
263.044888
267.9983319
248.2259269
241.5768644
267.20031
283.7366264
235.7724855
240.7207711
238.6222451
260.1752022
245.4914857
225.2874307
243.3010107
279.8985078
251.1645696
249.0633261
254.9976133
268.4511672
243.7791797
240.1791767
263.1498305
288.6081176
248.43367
244.339262
269.2747768
259.1709294
253.5764062
235.4876044
258.8907799
269.7920352
247.7180631
232.152634
273.4926059
312.8055652
248.3580105
216.8606823
259.1464355
293.9238362
242.0287958
248.4117384
269.7215251
277.0878559
264.5532088
237.6149853
254.4293336
291.5915411
264.1745158
240.2537878
253.0700162
261.4120695
247.4352811
241.3978038
259.6453179
275.9009976
276.2949871
245.5088917
270.6557689
276.4956966
236.8410404
243.6761457
249.5194467
290.9219718
248.3557031
247.2773159
265.9397914
275.7097502
242.0854696
234.6053967
268.0247023
279.751829
243.2193162
250.5167404
276.0085558
271.4837407
257.6222394
260.4803279
267.7587435
273.5584179
246.9505493
248.3358238
245.3040234
303.5776721
246.1100965
233.7720709
241.039382
283.0685348
242.3342057
229.5282147
279.3471166
274.3561468
252.751307
234.580351
259.4126201
269.0887247
261.67021
212.2865792
278.5622364
276.5120693
260.8139343
232.9444136
287.9148303
280.0194904
252.1725432
241.3790531
268.0522043
244.6161388
229.9441715
227.4349121
253.5883935
297.2047727
260.2072934
247.4983408
283.3108126
281.7568703
236.5752426
234.0706855
250.4599476
301.2210686
270.1313606
232.773898
279.1376988
290.6446582
277.4930026
236.8002067
271.986607
267.545089
271.7976842
253.3633396
270.1615329
268.6208134
251.1697196
243.8567781
278.4559042
314.4801469
255.1552872
256.9936513
284.8054179
281.8250087
262.4970408
231.6464766
276.7265308
280.9539503
273.6544422
230.3680297
254.2749037
282.9633513
256.0189568
219.984324
248.6549404
276.3491497
284.39302
263.7146329
277.0196311
268.793767
283.5224348
267.6543514
281.8940849
322.8735317
305.0968165
286.8535845
302.5028659
346.7556184
341.870724
307.9124733
337.8214611
428.6818754
387.1119327
356.9918117
426.8184065
431.9042153
394.6661094
371.2389537
402.9509895
407.0891917
348.0666779
345.5754906
365.862679
361.46804
297.8014747
312.3948555
317.0253159
333.0276208
262.8239066
282.6201689
296.7192646
295.6734624
259.1584871
243.941414
284.0283571
279.209599
266.3615969
250.2197037
259.1046517
270.8107489
246.6661388
237.6219382
268.6488346
302.0095206
272.7066557
241.0704167
277.2310781
279.0170788
254.9349672
249.6772458
271.6828532
299.3170333
252.243342
238.0692249
283.5216062
285.7713378
297.4054305
244.3132834
249.3870167
304.131546
289.507489
277.7035008
279.4843477
321.5076483
302.2210619
298.3749983
322.5866809
386.9757308
367.6891006
357.2919278
389.3883983
405.1265918
341.5336117
289.6467905
352.0293722
388.7370267
317.7808977
286.9314412
313.3771022
347.7182137
312.2383148
274.4532499
285.5237975
317.9673324
286.261607
255.5049541
282.8182204
298.5120106
258.9616623
236.1457773
264.3555244
293.941536
258.617205
243.243366
271.8778119
288.9188513
259.2021702
248.0095815
246.5394294
316.2795253
257.9311262
235.2063699
292.870048
296.003396
264.5150007
239.0449542
286.024198
288.6970448
276.6145656
247.9463373
256.6206313
279.5622859
261.5151507
238.4137082
246.1567458
307.252359
278.6441223
246.3743679
272.9456625
292.6081728
260.365702
236.4085536
252.8535257
300.4779657
276.0752007
223.2619816
279.0997268
285.881235
279.3758148
260.9702816
281.9390554
293.7431631
289.9884686
240.053055
269.2301017
302.4972534
250.7819417
259.8328073
272.0711026
267.8744022
270.0668497
237.5996057
267.6118421
296.2370259
269.714147
241.3890867
271.8175866
306.7758826
253.8924686
239.7096109
261.4569542
307.7401046
269.0115964
244.3939146
258.3954343
288.7254856
272.7467508
242.2637864
268.0361411
294.6973679
262.8770726
244.2137484
270.8567598
302.9168046
273.397402
234.3932519
267.3413564
283.9863007
263.5525131
249.9078134
257.0575787
286.7781459
273.5958363
256.3556527
267.0989872
275.132593
255.6551042
244.3048223
269.458268
297.3024513
280.9930295
252.9932021
279.9130586
300.9650603
265.3405846
224.7941456
254.3854794
296.086754
243.8911452
242.0151862
285.4772334
294.8100314
257.9293297
244.3954342
276.5946474
311.9081337
270.591143
264.6839583
256.9881781
282.8623655
269.3508374
263.8964358
266.0467541
292.7816026
281.9657111
238.0965284
293.3967245
286.6056349
252.5979385
250.2837464
280.0876264
275.5378013
273.6693443
218.3294042
297.1011195
306.8017239
250.1722586
243.8629032
262.0260891
295.294163
275.1950048
246.6617978
292.3464503
270.0475434
256.6393747
239.693238
276.4474029
285.2315929
268.2887485
239.830123
284.5158991
279.5529649
263.0776025
268.3080869
262.9110728
287.1610199
277.3400221
233.4766387
265.6709686
277.9598283
278.3151209
244.2216502
249.0004369
304.0902844
242.6667098
259.3522239
265.0009737
316.4907096
245.88547
240.5247878
273.0369857
305.5287238
272.4237908
251.2204663
261.257735
309.1024325
269.0029108
249.5864548
243.7954583
306.5159105
260.7659353
252.3433369
262.7951232
310.9555522
256.0527689
238.4400544
277.8030871
320.2057048
284.6341876
252.590018
270.0161537
292.2432412
251.9145901
236.5323571
266.1792788
297.1224285
272.1318234
245.846609
294.2248872
273.6207071
262.6297724
248.1574045
282.0849264
310.764013
267.0952194
258.7373038
269.5421614
292.9649776
286.3453184
250.5838608
261.3778353
286.078612
268.6042677
253.7481624
272.3475268
299.1845259
276.5215446
231.3019748
268.5401776
288.8424368
269.2399522
230.149928
286.839742
294.549036
271.9398742
240.2526545
257.0584263
314.5165511
268.5749683
238.6588148
270.1396246
287.7733543
250.9654211
239.6602525
269.806704
301.6586241
270.935026
243.2473815
278.0978535
292.2346011
247.3337871
233.9046506
265.6991013
312.1106097
266.8272068
252.5455552
275.2654925
299.6891813
262.1996818
267.276514
274.4971992
296.3141755
254.1497613
247.6369809
287.0307979
280.9384948
277.4230053
274.7658858
256.6849639
314.440591
265.0934124
260.3035611
288.0432849
292.6614238
263.0575273
257.8489003
277.005965
322.220928
272.9916735
240.8759619
271.116166
292.3769159
261.5649046
243.1426914
271.6418519
302.250711
261.6744478
259.4619962
281.1082956
297.2005454
256.6750752
237.8722706
258.6455265
295.1412233
271.6677852
231.2078359
282.1245776
297.3327304
270.0648215
232.2017159
269.053791
277.8792937
276.9481489
255.2414718
256.4361452
298.3072089
263.482471
258.3204946
264.1691314
289.06201
258.5112262
255.4709231
251.1673445
275.6065942
252.7042995
258.1221923
277.8921783
306.0979692
288.2797185
283.5485542
291.8998498
298.5614889
272.335485
253.2860298
270.4853301
310.837188
275.3766012
256.3490869
268.476383
312.1488506
272.522964
252.2611897
261.4314236
317.6574626
280.5980549
264.1344675
298.8996654
282.4440199
268.9331394
259.2057423
260.80701
314.3835631
276.5765661
251.7748707
272.6418621
294.7490781
267.0362091
237.2485837
261.8603475
329.1074232
260.4501542
254.518414
275.7540104
294.048041
267.2388957
260.4783869
244.5456263
304.5460898
279.8501054
245.578951
273.8490007
320.4346999
281.1824439
235.7094013
284.3492768
297.9980953
263.3752916
264.545388
273.2008131
303.8820573
255.5822171
234.7353277
282.8439497
301.0313616
297.2060975
247.7379639
270.478928
310.2150404
246.6871129
253.248222
275.5486902
314.4055477
280.7683075
259.1607569
266.1201338
321.8955302
277.9558297
237.7640652
260.0166537
282.6706595
272.2599273
231.2920682
267.5586908
298.0254712
265.7496568
253.7076154
297.3496778
296.4389835
277.391753
255.4732345
277.2292955
287.4425751
296.8275453
247.3521407
276.4923009
317.9570946
280.4445322
258.5728814
271.6491056
307.3153359
260.4027167
241.0264647
263.5340187
297.5181391
265.4307485
266.1726113
292.7484823
319.305391
275.36508
249.0691428
272.3400003
298.0541657
280.7745879
254.0972689
267.5242897
307.520282
277.5885684
245.6281176
278.6533612
299.8134189
259.2978344
254.7326531
270.1680508
297.8325354
257.3679494
252.8086233
286.5695455
306.4521367
272.9575559
249.6635893
284.6080531
302.0290533
288.1064722
250.1876941
297.6987062
325.667208
251.598311
263.3102193
287.607887
317.1694183
286.6276918
248.3931381
277.1333918
305.0399505
293.1948417
253.7860225
292.6196477
316.8460071
280.7041676
253.8969516
269.2084212
318.0987348
258.5340425
240.2592082
277.3887523
320.9704176
254.59978
241.1958881
269.397884
297.9887045
275.7042787
250.6027877
264.2475095
299.6667785
287.4832083
251.1246883
276.8411682
317.4519759
279.9042394
244.3936635
295.4446507
293.3457603
264.7004102
259.8016063
277.4158636
291.0023895
264.8016659
245.8442782
281.5168479
317.1691055
277.3446121
247.9723082
289.621632
297.5597778
277.8300194
254.9057798
274.4673623
316.4483775
285.5235867
251.4142961
294.1655578
324.0916018
305.5992767
248.7295192
282.2380892
299.343751
277.683687
237.6615226
271.9363133
311.7803003
272.9799209
248.5669318
276.015863
301.859672
283.4363619
249.8781986
280.8854417
307.4909186
289.486204
244.8185603
294.894183
315.8994149
276.8302138
257.2676244
271.9033252
297.6576049
282.0803544
247.447579
278.7457235
307.6441483
281.3650991
257.4816027
281.6048004
298.5761236
288.5829765
269.4804921
284.8548549
312.8955869
293.0114495
252.1565416
278.5985636
317.2931146
287.142874
239.2204058
301.2147982
311.4056707
271.8110378
245.2708773
301.6666285
315.3991884
286.5009656
278.9261685
285.9487244
295.3301638
282.2408835
254.5780025
260.4140872
309.1818717
292.9506277
271.2177524
275.0792172
302.9352595
290.2641759
246.5380745
271.6289773
301.0249391
275.0143237
267.8670476
270.148903
325.0308834
278.2379529
254.6207748
276.1232246
321.533896
292.8264605
272.7590146
289.1375204
307.0750019
285.8454133
249.3616976
284.1203831
294.2144786
296.872533
258.0796335
280.2906341
307.9604141
291.8552173
265.2146123
272.9511574
307.2287386
295.4373708
258.6805323
284.3500736
311.178793
280.687511
261.1216801
263.7786289
307.7204285
294.0053665
254.2160966
276.330377
303.4925196
285.1252251
257.8269552
294.6869652
328.4213629
285.2016462
259.4851764
288.5406586
307.4823604
293.4265644
271.2287876
268.4375009
295.1235081
299.6957765
268.6056403
282.8692055
325.7913627
292.3955969
266.7616333
270.9492367
324.6620604
289.36966
242.4923181
276.4503774
327.0113483
279.3935316
253.431635
287.7370249
308.5086821
265.5774169
260.1026104
268.1314787
329.7702813
273.7701404
246.7129978
281.7153027
297.4329591
301.2054232
259.1504187
282.9468058
292.4938609
273.1749593
258.8688202
268.4113737
348.3018698
295.1709754
273.1897278
281.9507716
316.0498051
277.957065
258.6925083
281.6452219
329.519298
287.6274922
284.8676204
297.0534662
298.5071905
307.2377132
266.5576975
293.6699005
323.0644608
294.6594474
246.3753101
288.7624974
346.0412307
281.7282156
275.5357133
296.0922086
344.5220974
314.2608676
283.2566646
322.8696241
375.0539685
349.7808644
349.6867518
335.1047755
400.570168
421.0378049
384.3536216
413.9557345
480.0901009
564.8398786
514.8407581
510.8968184
747.3146259
857.3743182
754.5161214
893.7754306
1196.70287
1219.929283
1221.881147
1367.319307
1731.273851
1591.192476
1408.323662
1531.565328
1585.746848
1335.944465
1168.118201
1235.988597
1267.469825
1060.421744
914.4218165
995.9081375
1010.773982
795.696076
696.0509142
698.1304644
661.2900376
504.3367608
424.1333648
426.6650016
420.8884752
353.6050977
317.2902843
347.3803096
386.5055314
341.5402477
315.0696085
333.0707072
345.0366693
301.2632269
278.5945624
297.7155457
337.8967661
306.2100275
276.7936865
292.5105914
315.7399883
301.3757512
273.4958454
292.2010199
337.931734
304.0594181
271.7042373
311.026124
322.1981439
306.3645356
255.2969154
282.2150055
335.3456365
298.5494169
274.5018648
307.3755452
330.8753071
301.2276859
257.3789969
273.0182579
317.814544
302.0321318
269.0672985
282.8198006
310.3847114
297.2329811
274.7561656
267.2197088
335.4298452
305.8744867
265.1454693
277.7515193
320.5395492
295.4912617
270.4529448
288.2612776
319.4598519
299.6490901
274.2658401
297.6327758
322.8464098
288.9243998
280.2984394
288.7732912
303.1873252
305.3371493
271.8333517
296.2660562
301.0155959
298.338111
269.3234287
260.7260105
324.0607975
320.2679002
250.8865673
284.1636635
325.9426179
318.823199
257.286668
293.1195994
344.1052877
284.8299934
278.4692236
296.1426983
302.3491561
302.6412209
266.3574605
286.6024856
323.8223014
276.1183398
249.1045251
294.0541893
323.1164509
282.4674975
271.7056819
273.8470147
321.3065249
290.6477757
283.2068801
287.5524665
325.7609262
280.4128693
265.9932822
302.3363119
330.5718378
298.5023672
275.6398541
284.7535801
318.475263
316.5576759
266.9109779
267.9434426
320.7168862
301.5569444
263.3345169
275.3684972
325.8827931
297.9475899
268.1925002
271.4205912
346.4206074
310.8195969
282.1931026
261.9944327
324.849077
295.5074144
253.7495832
298.646016
320.4961419
311.6442128
271.3873727
300.8941345
323.8166567
301.4689346
272.2009485
291.1009779
326.4019433
297.8814362
282.1310846
286.0670345
316.9606682
315.7867763
261.0868843
285.7746117
328.6457841
307.8220336
264.0914927
302.573769
319.2215737
290.0611131
251.8314232
286.2817218
317.8063118
299.9321187
271.5419381
293.2487256
318.935239
291.2833941
267.6374523
295.4865708
314.6240751
301.860062
278.9591311
289.392353
309.23525
309.1567203
294.238491
266.6662048
338.5827325
311.3728359
273.6943596
284.4672339
332.4557347
300.5797636
262.5799486
274.0690692
317.6789729
322.6540873
275.6643648
296.8765386
335.7527324
302.4970108
251.5953529
275.3161027
339.01469
300.7495074
282.3094101
303.8381635
330.3944782
301.5256721
279.8659807
281.5928513
341.5675009
313.8035044
269.8828251
314.0058135
338.3506902
293.3795663
267.813909
292.512022
331.9105277
305.6379208
264.6761534
317.6748275
331.9335395
280.9622122
279.1010331
268.2836912
335.1829707
289.9889674
276.3142621
283.0458113
309.4476166
287.5521232
275.3232114
294.9161615
325.5778019
314.0622431
273.9759085
285.6939293
326.678453
292.6898767
268.34853
280.411044
309.5901883
297.7440027
294.1062624
299.0222277
307.497383
299.5846138
267.4590284
270.5972547
337.4497524
288.6114245
271.1057238
311.2303276
321.4658796
287.967553
275.455145
308.0785682
333.9340165
299.7564869
295.7766178
289.3124589
341.7650859
303.7170982
280.5854648
281.9325673
338.2375591
325.0388346
286.6837422
301.139351
329.0451215
318.6940253
278.2571015
303.3199656
327.6576214
320.5013918
282.5810893
304.4323996
341.1217937
317.7122772
275.5897169
297.0668845
355.6159863
352.3502032
300.3781
316.887879
364.0842114
338.598687
313.8330778
320.8064403
366.5442953
368.2180491
343.4665609
350.4257677
407.7323239
420.6564108
410.699504
402.1530738
529.3889378
595.0223361
538.2701916
573.9897084
699.6545171
798.5551978
718.6298298
800.9718522
1044.41445
1048.370625
1012.323334
1133.803642
1266.096326
1144.117298
1012.731859
1048.230262
1087.567981
937.3774017
826.1327853
854.990877
898.1843658
767.0869435
718.6173449
729.9831147
806.3895157
612.8579239
520.4361976
532.5402151
517.0376119
412.8321437
376.7656411
357.4727528
441.4983489
384.8626683
310.4670973
325.7379459
358.0837328
337.0813945
308.7697106
305.2119118
357.0396046
315.5094391
299.766169
295.8649121
347.9905919
332.5998552
302.9547528
324.4402191
338.2677202
314.2027873
282.8542202
330.7251674
371.6294884
337.5095659
311.393735
329.7115025
367.4531776
335.4490003
290.6283333
298.5329678
343.1786096
313.6385336
303.5143852
311.0608472
357.7384869
319.9127995
284.5297163
293.4589026
336.9815014
301.2729962
281.4892873
279.6905704
318.3358105
320.6793323
286.74444
280.1139153
335.985898
311.0480457
267.4846967
266.731093
320.8283823
313.1644094
285.1582844
302.6705143
329.8238532
309.4163742
269.7259958
293.4251715
320.9000075
314.283597
263.6167436
313.1004939
333.3195492
307.1041831
267.8353197
290.1134166
325.0959709
303.0311623
270.3262017
296.7038793
332.6815136
316.1267649
273.1565351
295.3907664
326.5326357
297.6513434
269.4657324
310.5317686
324.5081812
302.8474434
272.6350764
275.6523152
315.6407391
311.4577522
290.5094422
308.5731067
342.7014268
322.443652
281.0042683
296.6592797
343.4004434
297.8828355
292.3486692
280.3277198
328.7344448
289.0682304
270.2325226
285.5211208
328.7642654
309.5934764
286.340629
277.0697686
296.0832124
301.4649686
262.2285582
299.2789187
328.4824472
319.5561235
285.4568662
301.7161632
317.2884835
315.5141596
268.8714644
273.2244159
334.9940308
316.2350093
288.6522728
306.5769416
327.8889106
301.003691
287.0214817
279.8325948
322.4949627
302.7541869
286.413683
298.5444098
327.6104709
302.4688579
291.5607966
291.8317017
331.7008206
299.13813
278.4295941
292.2327141
342.8886451
322.8597248
278.8458236
284.5247382
334.4572045
313.7744363
285.6733195
303.8363317
329.0797437
307.408059
271.9108466
285.0029719
336.8652042
321.9516428
274.0166273
278.6696917
327.7903101
300.7688806
291.6054968
292.2125755
320.7521594
298.8057818
267.7851768
297.9914323
337.2638196
317.6886423
281.6503907
282.2586773
340.3097889
314.0320202
281.3875592
307.1713642
324.2164703
311.7256057
280.4551594
301.5199038
341.6878081
320.8213905
294.2699336
292.5267427
322.274615
297.415283
283.2804343
294.5965416
330.005944
307.5115266
278.0012539
313.0543904
329.3669198
310.5676423
267.7149349
281.3539991
330.7310048
321.6351585
270.8072951
305.4622877
355.4574683
325.3419575
284.9017791
284.5013011
336.1216213
321.7084813
275.9720684
307.5623295
351.4670842
317.0795834
311.0144374
292.9626184
346.1491027
342.7429801
303.0753721
310.32196
358.8002099
344.4217687
331.3777774
316.681827
379.0665182
386.6187293
363.6163103
370.8356239
442.7764724
424.0925218
428.6393809
421.906985
523.2839306
589.4710456
553.5383361
599.1402607
717.9414289
804.2292131
725.5606065
826.3728884
1013.200069
1024.87991
940.9403806
1053.51766
1196.800061
1054.026752
914.6257782
955.0646639
1032.818742
849.255488
712.9988887
792.4079622
851.9721652
746.5018717
642.3979126
698.3302384
761.4888252
600.743475
511.2733723
532.9083845
486.9882227
440.1006336
359.3120468
386.5566006
406.8803134
380.1280872
325.4201867
329.6241409
368.0292834
339.9939046
300.7971305
338.8557628
329.2490396
327.2027424
311.3636015
314.5750871
353.2430848
340.360435
283.8444451
293.2944183
327.9928371
315.7854248
279.980822
321.2140926
347.3570568
324.6746092
294.7916321
289.1578683
329.6911587
315.5412726
290.925161
284.6438625
338.2228705
325.0678843
277.2584244
303.018439
345.761399
313.6624017
270.1468762
315.1556503
319.3278701
302.2803433
282.6301476
282.8936067
331.1095172
333.3190687
282.70216
281.6602749
328.8550767
316.0737472
290.9178153
298.0169307
329.5358282
306.6740109
281.5428568
293.8431635
319.154199
306.3980737
286.4915492
294.8804852
328.2939719
310.9951763
291.7572475
308.5832226
346.509897
311.3672213
295.0656076
288.5087217
326.0832105
315.9544508
287.6668784
289.2229347
330.6514396
315.3462738
282.22587
295.7678844
320.6403454
313.7676623
265.4632007
278.672231
348.5044397
304.1046375
283.0133593
277.452907
342.6970508
330.9853593
289.8719941
291.422035
331.4089861
313.5753551
275.4060506
293.0991672
330.1451603
311.3596223
302.258525
316.0565017
329.2070232
313.0168121
256.5449952
297.0882039
324.0811309
334.9594704
274.3481454
292.9602636
330.8759707
334.0190212
282.7920967
283.694388
342.4804092
313.4673919
285.7540882
291.15376
311.0112817
307.0871167
273.6182765
283.1913957
316.1926661
313.8748447
291.665159
317.2642147
341.5706803
326.7447792
281.7909677
278.5221735
352.1633025
328.3783694
283.7824733
308.6984
346.0885137
334.1690181
284.1738153
287.3091952
364.3366187
327.7988235
298.3104759
325.4154151
375.840185
351.4720268
298.685679
328.3238902
391.7936195
364.5725551
344.0643002
335.3743731
394.320559
410.1805037
397.6545562
357.71532
488.3228708
548.4465198
491.293113
496.2835033
634.3903239
685.8311252
606.0967032
705.5807951
947.2483345
900.2783615
836.4707817
902.1081872
1079.306219
953.2053685
852.2628458
847.3100588
885.8751143
761.5141304
662.291389
725.94727
792.1163266
673.2783308
598.2690478
661.24982
718.1795369
622.6019758
528.9707525
513.3282294
563.9045172
446.2740849
378.4110164
385.9278618
438.3845684
360.1257373
339.7973959
343.2051798
382.3438212
339.2610429
313.5811774
302.136459
363.3695597
334.2266504
305.4131929
327.7659799
370.3149298
318.4698485
278.9559873
297.1948926
348.8586117
324.1868957
283.127645
313.0128558
332.4836091
333.0408869
298.3183184
277.1509944
350.7723966
310.7169062
275.7135796
298.3109988
343.8637103
336.5547887
283.3360871
289.5628584
339.793756
318.665923
279.63537
319.1556852
339.8151614
302.3746423
268.7206201
292.5148723
360.2323665
315.9186336
267.5476847
307.9433445
348.0071368
323.1702383
266.0624856
281.6724341
328.9122887
324.4571718
300.9029545
302.716764
337.0782744
329.4974323
278.7461837
304.333395
349.2969829
330.4632186
293.5098799
322.8226106
334.6269635
328.3076014
281.0761203
314.1138151
335.2738643
314.292138
291.4468935
313.2213567
329.684184
325.8735836
266.5652944
312.0178301
348.1003509
321.2328387
279.7321215
286.8355661
341.2654337
316.9096591
301.9028643
300.9046955
326.9745803
332.8136186
287.0279544
316.503717
324.8301153
308.2881994
289.8914586
309.7092668
344.7399717
341.5600546
293.3702151
305.7228829
336.9976769
334.7556376
281.6438175
295.5383891
344.7723715
355.5490935
301.237324
329.0612002
346.338178
341.310116
276.8301542
294.1072242
347.9013663
363.9197676
295.466238
312.7273253
355.9546849
325.2699094
296.760603
276.9192474
349.7828772
344.147202
316.8945807
326.7096257
372.0257695
368.5494176
333.2907221
340.6262083
391.4517793
368.2376579
349.9684309
342.4973422
418.86143
387.958089
344.1264671
361.9196565
417.8899846
426.1159536
387.5487713
421.0104719
478.4615613
474.0541421
431.5096196
430.8044711
553.9931496
639.63164
615.5290018
618.1649684
781.1420059
898.9092203
907.3168859
869.0592969
1200.039146
1550.516843
1439.749892
1521.64878
2014.126356
2273.38769
2085.62331
2317.484956
2852.893019
2750.589924
2444.046986
2613.173973
2736.614104
2354.97343
1877.401211
1872.724835
2113.983041
1811.386584
1484.458617
1645.555016
1802.915905
1623.171593
1361.014987
1421.818529
1532.983166
1239.565048
890.102679
930.8113303
870.8115656
644.8895194
535.8721113
533.3213635
552.4168492
488.2916289
415.6635489
419.2335298
448.0824272
410.2265006
372.3837612
368.3498797
435.5348582
386.7568818
326.7427421
341.8845073
389.8628875
372.7538773
331.6411023
336.128974
373.4331761
355.4328932
306.7627799
317.9345087
340.941125
344.8177709
328.3588453
308.8713442
365.5346722
328.4561932
301.4034448
325.5912186
344.92302
323.6404362
294.7904427
308.9647198
372.1960516
334.8764989
293.0335048
313.2495957
376.4277446
322.8016496
274.9437712
286.3792424
355.557657
332.2085281
293.1530413
302.155995
360.7000387
340.3907544
292.6082586
310.6624676
362.5166139
351.5786575
314.3941911
332.7290336
360.7105469
339.8298803
321.0692865
320.39858
379.0965406
370.2808082
353.6365718
356.8788309
398.9572077
399.1771416
352.4428159
357.4884219
409.4617274
412.9876755
370.197262
397.4843836
445.7990273
470.3515963
427.8884689
432.6064788
522.6262036
625.8206932
608.5790124
607.255172
710.6699465
870.4519906
843.2757692
791.5145485
1114.911084
1382.708874
1299.997593
1478.942096
1916.38951
2076.262326
1950.648069
2058.045817
2539.325382
2333.77436
2081.026356
2029.439502
2143.891961
1830.925125
1495.656754
1505.218682
1718.31767
1545.842117
1340.273784
1422.446006
1596.862341
1351.997708
1152.307341
1205.79673
1247.328164
992.8845673
796.1146015
792.9718127
732.5826005
583.0838115
492.6587124
458.5891034
522.2507001
459.5953874
381.1807454
381.1034122
419.1284717
387.7941953
332.6679928
345.094708
376.8517125
364.5820229
324.6679766
316.2795544
355.7415204
338.4373829
324.7031451
293.7467755
348.6236008
343.2107489
295.9428105
300.0401344
344.4856518
350.3491861
281.1726596
296.8311776
351.6187679
320.4246958
306.1354246
299.5558945
339.1910247
332.6049705
281.9021571
296.3525752
350.7575999
319.9082989
287.2984129
297.5923763
344.2633396
330.000934
288.2482586
284.6427989
349.8968621
319.3937192
284.1773894
298.2963015
338.9864283
327.4029193
269.7816509
282.7106924
347.2685225
327.4359903
282.8363513
290.7397422
333.4284221
353.9954715
297.0499258
293.4542995
348.7750792
339.2802222
309.7666047
313.825917
363.211561
355.7825118
295.9843081
299.7506015
346.4522633
346.9703503
311.035465
313.0319365
365.8657524
355.508718
319.0115881
321.2969529
389.0619116
424.8022351
375.4071713
372.6908099
457.9954762
452.9175098
437.2818917
438.954369
532.0944848
597.0576796
539.5021471
561.954946
671.9848108
692.0598302
643.0207659
649.9200869
733.7943313
663.1234915
580.4814667
586.2166529
606.5741666
551.7721026
486.4706431
506.5401984
576.8691969
534.0966611
477.0268877
489.4910551
553.6347405
490.4658
424.1115058
417.0225846
476.1698206
415.3994864
353.7781223
362.4548277
391.5372114
345.6969999
294.3387019
309.7218972
372.0008644
343.6759391
294.106063
292.008888
329.2090065
317.5055657
298.2389268
281.8877384
335.6388622
332.9576171
285.7910134
315.0940638
351.9394935
318.1657029
268.1353652
291.3185088
342.9517101
322.2707636
290.8577994
306.7608578
331.0752461
307.8015888
279.8972798
288.8316511
342.7031471
297.1249792
294.7460593
284.8364093
322.7318328
317.7445274
284.959132
280.5595377
337.2441447
316.0487126
263.3226895
270.2154929
320.4923929
316.9587352
275.5494716
291.1057648
331.5125286
313.8195756
290.3577315
290.3009127
327.7869856
320.2152767
276.561173
278.8156647
333.3021968
316.7916323
281.8249621
275.7149874
323.2382034
310.7783678
274.6887041
288.756324
314.0544545
334.7346056
259.7861851
284.2111834
321.2952338
315.4757508
275.9875045
260.3964882
329.9625375
297.9728949
265.4188694
280.0321881
313.3211293
290.8425845
289.3499405
266.8848008
309.9183802
319.0481627
265.0063069
283.9010952
313.695473
315.6418779
283.4504731
260.1607385
327.7899314
311.3830526
280.6502001
277.4433863
325.531209
313.1483147
281.2921765
270.3540114
347.6117177
308.6109598
280.7873111
282.7372754
331.0341926
337.5496938
270.274881
279.0867322
322.202609
309.5624169
273.4934876
284.0149662
332.8100839
311.0373134
266.4302464
279.7964249
321.9915731
321.9294694
289.0522416
278.1548131
332.2968486
302.8592686
268.0141027
253.1408298
327.7650667
309.4636038
264.6741652
287.9825982
326.0894589
306.093727
273.2954547
275.2364168
314.1702858
325.2053942
283.6105662
283.2732526
325.0180439
295.3896198
279.1309032
281.3504056
321.9284309
305.6739866
275.792819
285.6772813
331.6194445
309.6982776
268.4843408
262.1909633
319.1660398
323.9268547
267.9967443
292.0458267
327.7095015
332.4650493
274.8755904
272.5569288
331.424471
291.7109428
272.6823032
280.275204
321.2638262
312.9951483
267.9479348
265.6341522
331.4835041
302.2934611
292.3396803
267.9760039
326.7097654
320.429331
263.301166
280.481927
325.3302972
319.3381112
285.1207158
284.7833716
320.8492217
328.6899689
271.9277035
253.825089
334.9881144
301.0936518
275.1039462
293.6518006
331.6322041
287.0608578
284.4711065
275.687808
328.5662083
334.6960644
278.3441758
285.0456863
316.2195203
332.4746676
273.6345039
282.5807628
324.4124274
323.789581
273.7091478
286.0182689
323.8875236
316.5237512
265.3584229
271.4840346
336.273369
331.4389865
279.467631
284.4652354
326.7643808
301.7438751
270.5651943
269.9518087
341.3711435
314.1254872
284.368246
288.5169402
326.5500128
313.048505
270.1572678
284.1003628
334.4200105
320.6465704
282.8223456
300.3875043
313.1946664
303.3519605
275.3414012
278.083261
315.7546123
326.8703585
266.753489
282.6217816
334.2237948
309.594764
276.3227713
265.108396
333.9728975
312.4305909
271.6538917
279.1306854
326.473352
306.0645574
266.989677
259.694663
326.2287198
312.5211772
282.1071318
277.8771967
309.2838427
301.4307988
285.2358594
266.5402133
323.2391035
310.1058155
288.3575796
278.5747913
325.2208234
304.3158224
259.2457862
280.0338693
337.4766255
335.192461
287.0940816
277.0477149
325.290008
328.0055559
276.6145234
270.739161
310.0711433
310.5672724
273.9152927
271.9229
324.5276085
318.6499034
280.3588983
290.279617
336.1944474
333.9173591
302.5745207
288.4029207
337.3299859
328.6907213
292.6672937
295.3798646
357.2645552
341.7168351
303.2296102
308.1486931
354.5123095
358.0393233
323.4443896
314.5491006
396.2190509
420.1616625
375.3709656
386.3398088
441.1730809
471.9878305
429.4266852
426.3142966
553.6097473
554.8850562
482.852
520.5130698
620.1470654
579.2665475
483.0453388
489.0130729
541.5040177
522.1380611
430.9526456
430.8731381
496.5400916
461.5194321
395.1605385
414.8839164
487.1037226
462.8285559
406.4098022
410.1833974
469.4395119
426.7837396
354.2157025
343.1690812
383.4540687
375.1516572
299.3534186
311.6428503
361.7796443
331.5463187
304.0671003
292.2234293
331.0887767
323.9052568
291.5152549
297.2151399
325.6428711
309.4279259
290.7545534
281.3946394
327.5930852
326.1654837
281.2399713
285.8383524
333.6432627
328.3878225
288.1398266
271.4154861
323.016064
330.8786691
273.725538
291.1544128
321.4127223
305.2460188
274.0707342
266.379083
304.2600099
321.6665446
280.1446692
276.2755366
316.5814951
317.0683094
270.1282568
277.7094363
331.3377354
313.2965484
278.9189504
282.9537174
336.5419952
319.3298315
262.9284054
262.880547
318.0662215
318.2811982
280.9612387
267.8576178
326.5357596
320.4966517
265.2651263
269.2936004
295.868709
310.2132126
276.2062079
273.7141488
323.6177973
324.9157182
275.4636708
264.8320519
304.3934849
329.2911695
279.33249
284.1632381
329.1121906
319.0238319
282.9239301
269.3262494
314.517059
301.1879445
288.9477969
273.4625458
318.6199233
326.4117488
277.9144855
267.85364
312.1677509
308.8676471
277.1735654
276.3123082
326.5391655
314.3187733
272.9196436
275.5709585
327.3849719
334.0771737
257.331583
286.7128269
322.8310704
301.7217534
265.7811592
253.8620341
306.1441085
312.8305153
263.1627672
268.2367583
319.131517
310.4500036
274.0190784
269.3902613
309.7446109
307.2649504
254.9759932
268.659005
313.020052
317.8083863
272.2808679
271.4248773
315.2163711
304.6731713
278.5391291
274.4564277
313.3775376
324.0700388
258.4582693
255.457493
311.0049178
303.1616944
286.4626013
287.216732
315.0754812
328.9728322
261.3082804
276.8176437
319.4092463
316.671898
289.0017099
295.9194576
321.3268262
322.6086198
277.8105898
293.8321733
323.2394308
326.6615811
286.7165322
281.8468068
352.4452955
349.9740323
312.4613248
316.150018
362.8910789
359.0834163
336.5652816
341.5829011
399.7795685
392.4934042
359.5655096
376.0604767
413.1140358
415.4416204
383.0685553
345.6344155
399.2112665
378.3288344
341.7158776
340.3222187
379.4601066
378.5928018
329.4783024
337.9467363
386.9189931
356.4779202
324.4491374
307.8796857
371.1994947
356.7570908
312.2412218
316.7102657
325.9681525
336.8170281
275.044338
278.4543431
328.9265977
328.6040356
294.7864658
267.8932968
308.5001936
339.2629292
274.655583
261.3292118
334.0388702
304.245009
295.6968047
290.6029611
307.7985905
313.050276
267.1074957
294.9063871
334.3633544
312.829592
281.4983797
283.0391296
320.083064
303.6020318
283.153066
280.1904211
330.1858524
307.3600246
273.1603594
273.9063759
314.8716218
297.3555933
278.5237555
275.5661058
304.8672127
311.1571255
271.1904851
272.2008762
309.6727249
293.7675285
270.2076713
265.4082632
313.4167114
305.1782361
274.505259
278.9434024
300.7947816
326.5962316
265.8742977
253.9587392
311.1310632
314.2405788
274.120988
270.3837883
310.6513741
314.2850199
267.3449726
279.1484259
306.4841278
307.7463171
278.4764064
282.9014863
317.320456
325.6838827
289.0669471
271.9210049
324.9882531
321.776449
269.4150713
278.8279696
324.4981597
319.7122234
275.0052162
276.533239
311.144761
315.0267858
269.3009233
263.2179971
317.7482896
300.641382
278.5575845
274.3118138
340.0771851
324.2885377
284.9162682
288.7983555
322.5472196
328.7795571
287.5993351
276.5508717
321.8003255
342.6881228
293.9429893
301.2193
322.8848972
334.3408279
303.9418427
291.8588995
354.3007644
362.8656818
348.6881662
341.5727956
425.1286549
443.8634344
412.1821223
408.7145189
512.306809
551.9014667
477.6738661
492.4671124
601.4537774
572.1297091
488.8219794
456.6590196
549.6697694
545.4044298
436.0900678
418.8158846
472.4202197
464.7852574
390.9875744
375.5527418
461.1586164
497.5283171
403.4735197
394.555375
465.0058074
431.1023293
363.6560181
362.0327355
398.6851501
397.7878786
327.5655344
342.6969504
354.2339587
346.4438149
289.8046783
289.2030014
299.3617642
334.3440801
280.504007
270.8020186
315.1477165
313.4396581
289.1313948
253.255234
303.0840373
337.7422849
294.9926847
279.2452998
311.9624752
290.9870909
262.0346745
253.1835912
308.7222967
310.0449806
278.9108961
265.6606856
314.0103326
316.1559549
279.5448107
248.9899895
310.2237163
312.368529
276.3324049
267.2202139
303.1473014
309.1353867
264.0640427
259.6279049
328.7337815
313.0397894
286.104723
272.0666946
320.8318442
312.0039759
272.7500239
260.9185895
321.4354191
324.9423994
272.5643548
284.0232599
296.0237509
308.8415321
271.2839982
258.3741347
296.643449
314.1036855
281.4970093
272.6946648
310.115167
328.6549396
265.174771
261.8498699
322.2022411
318.8687988
266.0876219
265.4962269
330.1765583
308.82292
260.9932474
268.5917644
310.8492649
333.9899173
282.9167754
281.2322696
307.0934295
318.2212528
272.0905319
266.3202253
291.3509862
317.1885861
283.0790898
255.5165695
311.036015
309.8942452
272.2696111
252.3496179
305.9269204
324.3798099
278.0715965
279.6568914
340.5349394
299.9582101
252.3236966
278.9246475
284.3137325
319.0509138
266.826173
277.9217573
324.3221856
313.9477283
282.1259158
267.9591054
306.1890149
334.0909725
264.2964211
265.0658956
309.7807379
315.1528902
263.034144
264.0744408
304.9643888
333.1001168
269.0901263
276.9043137
320.200531
306.6045033
291.6590341
249.3701117
305.3674574
309.105582
280.9093735
273.2862395
308.4091935
321.8817156
278.5577286
269.5859741
305.4992475
321.936574
281.3441506
288.0523942
302.0528984
320.6407904
267.650058
251.9435169
295.9113314
300.9907842
277.4595666
263.1089821
307.5851922
300.7898366
276.4652207
261.0457038
297.1341895
321.6165053
269.2729075
282.9720682
315.7973411
300.9276574
283.3693664
276.0507633
306.7012001
313.1114682
259.4909719
281.7879226
296.8099421
336.5788966
264.698314
268.6907565
310.8647364
324.5251316
280.3848645
280.8758371
316.301535
315.9803292
281.0045862
246.8440954
305.3495114
322.2147905
291.5566291
264.9327596
318.0289128
317.7078659
249.7771034
255.9052363
303.0674051
323.6648465
287.4168432
278.2551406
315.9996176
325.5943748
277.313235
266.8177069
308.8267067
325.6468154
280.0751254
272.8007241
316.3848157
311.2477789
279.8900727
279.5763221
309.2212029
317.9957698
285.8554651
281.2632749
307.6805998
321.5276997
273.6419144
267.9860624
312.2861496
313.8372294
276.3990764
285.6986211
308.3430098
331.5137724
296.7660741
272.1692146
328.4155132
332.3625633
303.2381845
289.5891311
314.0693585
335.3427832
286.5146428
288.5993722
344.2361979
334.8560841
276.4717131
286.2794458
313.3906538
321.3256219
270.7007114
264.5332878
311.3224927
328.8299918
284.0889451
278.9893118
328.9342535
340.5783921
265.5611925
256.4791594
321.5440265
317.7717348
283.1856723
286.3265778
316.2879887
331.3706902
274.5053151
259.3288375
322.7158508
331.4194272
284.1419948
269.5065019
322.2398226
319.8006864
262.4791176
264.0267784
299.2360877
322.7719509
267.8740037
287.6985702
319.7005462
337.3916179
281.9975244
299.1595044
315.2571186
315.2057767
288.4290479
282.297102
336.213613
349.6473229
299.6120786
286.3437077
341.5462443
367.6570861
337.9997748
324.4695794
388.0858573
407.8329407
360.7561905
343.7984587
419.778594
436.6041245
377.4150375
373.3956358
436.3916488
454.7863359
361.3431589
342.5614023
401.56873
413.3666172
341.6041662
351.5631991
377.3307096
364.6218836
328.7393865
291.2883148
376.0331865
372.5497145
335.8973437
330.5791297
384.2108727
384.4118804
334.3648652
290.1226748
351.8766551
353.9233455
303.127002
288.0953349
340.8741542
327.4178727
300.8295495
269.5214698
327.5221049
340.8619305
287.5076479
284.31112
300.276204
324.6339514
281.8122347
264.7143067
304.8043003
335.9644672
290.0218614
276.3419402
319.2877681
297.4826402
264.1542586
276.4262358
292.8857471
310.911522
273.9360479
263.4184031
311.5471195
306.7854712
290.2481805
265.8660116
302.190056
325.4229974
277.507692
276.155665
311.9318447
313.4503713
256.678723
271.0132485
315.6513853
306.1956942
284.9884964
276.3242571
293.2533689
313.0490163
278.2799771
263.3582918
319.683805
320.154528
279.667285
262.1465656
322.0873977
317.8638956
282.8778319
264.8464621
290.8669632
334.3384391
297.2877347
264.1564034
296.1510327
316.9373976
283.5584119
267.3723117
310.7990359
323.5019503
271.1476894
256.7930055
317.104262
323.8160615
270.4549152
259.7516455
297.9250229
323.609967
277.0397328
271.7988733
295.3973363
319.7675706
264.656935
257.8612568
300.4022725
324.7562359
276.4281568
289.6192719
306.6982318
315.2106645
273.9182177
258.8306658
289.9081758
333.4183791
276.8551547
256.3339167
301.6448109
338.9072183
272.7938482
252.54528
284.3613525
321.3439723
278.0578863
269.2128959
324.297178
317.0003
286.1613243
263.3514579
316.3326562
308.5244463
284.4290354
254.6516143
294.4200748
318.1503994
283.990984
256.5577036
304.825367
316.399893
279.4216831
281.443203
312.377825
309.48928
281.8262578
263.203228
319.1468124
330.4465563
297.3814698
290.3720498
306.0541578
326.8871828
287.1419298
266.4798342
303.5425275
335.1833264
290.8251613
261.9339091
312.3644848
325.9612255
282.1472545
279.0142839
310.1094679
338.6218218
285.8290661
272.4084552
322.5168985
335.837852
274.5942072
262.4691091
312.033642
315.3255199
305.2552954
283.8844774
317.2322198
330.2805032
269.3712698
256.2331716
338.5965737
329.8170686
289.4758043
292.5095021
300.1600046
328.8412507
271.3424562
266.9408784
306.381893
331.1991299
290.1391891
276.7682905
306.1905144
311.2663375
286.6281945
264.8148576
304.2069828
323.6171539
295.4087252
257.4833177
302.7377657
325.7181374
282.177663
259.1133191
284.6471754
326.7937331
282.2575703
277.1011767
315.9066572
325.8236841
283.1039229
259.0463023
303.7052094
332.7717929
293.9076943
267.3103115
301.2190455
315.7201058
280.7106014
268.9302823
311.4913392
315.0139266
295.3279238
285.3375724
318.4365918
333.4268218
285.9694347
258.1486563
314.6720788
327.1061012
272.2924904
267.6662168
307.602048
346.2525487
290.9608226
268.5185415
319.6264166
323.9023661
280.6049359
285.3943159
335.4507079
342.2643569
300.007824
272.2537227
339.8182696
352.7259463
315.067384
292.4089582
357.3906782
389.334986
337.9800585
327.7724889
393.4702067
438.0796227
371.0172663
376.7958425
433.8180206
478.3957631
419.2284761
378.0851147
452.0587378
483.4245058
419.4772356
400.9132613
418.0812537
418.0169363
378.4378858
339.1222458
384.3988406
419.0258111
360.9914389
343.2165901
403.1425831
407.3821296
351.154103
337.1879603
386.9616598
415.4768126
350.6857386
336.22266
367.2620613
366.7003115
308.020739
281.6990257
320.5563659
348.0365107
297.2260094
287.8385563
338.0312328
336.9698539
280.1353187
267.7282756
294.1779189
335.7546456
282.738292
281.9385326
312.908306
325.2133142
286.8504778
271.9373768
310.1972731
326.0224124
284.1562079
287.8908451
306.2304424
309.4569939
267.3671255
274.1226218
298.2416791
319.5853736
292.3639732
264.8993123
319.9423158
321.9054443
275.3389749
275.5484516
308.4358415
322.9660745
280.6997772
272.3656734
318.2967764
333.0678557
291.579163
248.3433696
309.5670721
346.4207201
305.9591751
273.0383924
302.8553009
317.8616693
288.2149313
258.8279928
308.4388797
333.9655573
278.0127316
278.7224976
296.9744921
301.9408336
281.1010474
267.0308739
300.0503956
316.7828447
282.9337619
251.8486799
317.1395623
325.6005623
274.5049861
265.9570223
298.4364528
328.9051533
278.590222
293.5503712
315.256
320.7075263
274.922895
258.3888425
302.0733849
325.0104044
312.4726615
276.7132753
300.3928383
327.5605043
271.8452097
261.3216342
315.434039
310.8953067
291.6390806
253.4316246
294.7933596
323.6746586
284.9810044
265.7431913
302.8409738
333.1989371
287.7995116
260.3514266
314.3662955
316.3114921
273.9301882
255.7131331
313.4304372
336.7808522
286.4580396
274.9686016
310.2565633
329.6132751
287.2809019
278.0364175
301.3676286
332.8960017
272.6912461
279.6093678
319.5757963
332.6963654
270.2919257
270.7481966
304.2349038
314.12185
302.6541211
272.3236955
323.4124232
337.2612172
278.6527419
264.4699207
309.8240442
327.1388166
275.2623466
259.1049889
305.920233
324.9603208
275.0978347
262.1714802
302.2688804
325.2616624
280.134886
284.3030496
327.344523
299.5676588
281.9480079
281.6584623
294.2369729
332.2964106
277.3269359
272.3386046
312.8574342
347.6788115
281.1175566
254.8721858
284.9885159
325.2281876
276.9967349
264.1086209
309.2738293
331.9502119
275.1033602
253.3344791
295.5119771
337.6769421
293.9433746
263.7947234
306.43907
324.1551733
282.1761604
260.9253298
311.9284859
322.4835367
272.1484882
262.0028831
316.9185615
332.3945492
275.9288899
277.6122651
313.7752959
323.8250816
290.0458273
267.3545614
310.8819325
318.2190561
284.2145687
257.8471282
309.4680033
331.5585407
282.8168497
289.9057415
297.7300895
331.1167354
293.4639013
264.1773844
304.6796338
327.7274721
279.2895722
283.4234802
307.6920564
327.7795768
285.5074392
263.6202003
310.4555477
331.7577171
284.1123936
265.181946
315.6685201
327.3932536
291.3009519
264.5354282
310.825238
333.327733
291.8646362
277.1206474
297.4133439
339.7451605
286.5498675
266.6729983
311.9287222
327.0605729
303.7598034
261.8664395
321.7779039
325.8898365
295.5089026
259.2668298
316.6980151
339.3913566
296.8023706
293.5810924
306.9804017
334.7936528
291.0086477
273.1321744
296.0529015
333.132108
299.629059
273.4605016
308.5737754
319.2683269
283.5904906
271.5923606
302.5377543
324.4482574
306.5956794
282.8954356
327.719669
311.0934426
302.2725068
261.5258054
295.3608303
326.2620963
284.0680198
272.8216235
300.0594069
323.6365278
283.1718184
266.3329247
311.8113674
334.8862892
293.4701963
265.9343615
302.8720522
331.7723737
298.6495099
256.0530643
309.7462707
339.8442179
291.184042
270.2421072
309.3230391
311.9504738
290.2859255
258.426849
306.4719214
333.3788829
294.7298509
283.2784554
309.691667
326.1479341
285.8239983
258.8544859
297.8690161
320.8656154
290.750404
273.2515417
313.4534547
329.1629537
287.9159754
263.1582727
294.3740541
332.8480918
285.0848668
263.005829
299.0463225
319.581791
280.8046634
246.6373861
282.4174005
318.1870664
280.8841499
271.1678206
294.3469905
330.0942609
279.0292738
262.3079943
308.9217298
320.4779189
291.6754818
266.9887933
308.0186389
323.1914547
270.254359
266.5932652
312.4282929
338.4568657
288.442612
272.714269
303.802692
326.9204013
288.517639
264.1153026
317.1327325
338.5492631
292.2089911
273.6055488
308.9964746
337.1495176
263.6084221
257.7884771
289.0663084
338.1599145
275.4976135
265.1044944
310.5672856
333.390207
281.3562733
273.3747068
310.6295732
339.9367782
276.3840279
269.129274
318.3868379
325.5542222
277.6679233
261.0428923
298.0164925
329.933267
296.9700589
276.7483775
304.5712021
310.7717364
275.9091574
275.3894913
307.7576593
321.6348945
268.311687
277.3915367
290.7873305
328.1677462
284.4681081
276.0339039
291.1007165
313.8351451
295.3324128
258.8590434
293.5705828
313.6559722
273.6019633
240.7456508
296.9956982
309.884934
282.5446227
279.1526679
294.6720284
328.8552827
262.0428206
249.5634984
304.0735625
321.0135421
276.9611179
276.6825661
296.7275044
329.4371813
277.2815845
247.3675373
296.319765
306.3126566
295.7577401
274.4570786
299.4949318
318.7946375
271.9525444
270.9590278
290.0158798
336.2762002
290.1721897
267.4649811
313.9454671
322.726263
279.5141044
260.1596576
316.8669251
324.4504037
280.070737
269.7833264
305.964541
333.0819368
283.9618282
259.1504463
311.2687933
323.6068394
289.0389665
285.4273394
312.2827925
318.6641662
294.3483462
258.6194746
312.1062757
328.2358424
285.8585302
280.8247664
304.559834
312.5991043
294.491301
270.6850937
299.6356911
323.1137953
287.6738779
282.408042
304.453778
321.0320546
279.2022921
272.5163546
303.5701872
334.3798617
298.2645728
279.9547235
302.9248399
342.730041
276.0422353
262.0138301
281.6544619
314.8011232
277.3090608
277.7440389
305.90144
336.8957643
283.312061
262.1930676
305.2559818
324.3921814
296.6474555
279.3258477
323.0722313
316.164187
282.0476572
257.4038668
308.4617245
332.5446925
293.4770372
273.5743998
312.5442982
334.2494061
292.6035882
258.5333789
297.0110064
311.6168148
291.2587229
266.1826913
299.442451
327.2622454
287.3184864
255.1755424
289.1263032
324.4834805
299.8992525
264.46967
304.5331825
320.5285994
298.5526732
270.2166565
281.0235997
321.2925809
278.1169434
275.0146439
300.6590713
312.1610133
290.4463394
268.9732434
306.6142411
328.7045477
282.7509164
275.8851719
314.9164071
322.1676939
289.8876067
261.6159432
294.746742
318.2253063
289.7263411
278.6349385
312.6853459
319.928898
281.1041315
253.8051323
301.4681562
342.5416639
280.9479944
268.2260651
317.7393228
316.0516037
278.6791234
261.9740191
297.847726
333.9480374
288.6141385
270.2746684
308.23853
333.5283995
280.7153378
282.3178085
287.436529
339.9072624
287.5913341
284.0363023
307.4286331
329.6449486
272.4401148
262.0967996
285.010861
332.0383607
278.6107848
276.9336591
295.3859266
319.2156729
279.6268318
267.890206
283.7603319
308.0463263
298.1815521
272.8866418
315.1666123
326.3439493
288.667699
251.4692437
303.3093344
313.547602
288.9758073
277.2573261
319.0230351
332.991523
269.2045891
262.6310778
292.9385907
320.6705786
283.9907475
267.6195377
326.6055405
315.5959139
289.4318691
250.4496702
295.6475415
316.354968
288.1073763
262.897326
315.9916244
326.6679292
286.0854808
251.572271
299.7480882
336.2691434
288.0240556
285.4237149
300.9803389
334.2228424
290.8913743
255.71733
280.8079471
315.1962139
292.1275186
279.2973122
307.8587331
325.4873723
294.5246145
272.8690722
287.4723376
317.8719885
286.4644214
285.9606732
304.5026485
334.6529905
281.6638707
265.1414678
303.1756171
337.9517742
293.8099232
267.7811998
313.4505521
327.7922764
283.6759084
257.4308618
305.8593193
315.0916802
291.1712887
270.5024548
309.8642335
325.8129087
277.5744239
270.8184287
301.5884085
342.0790213
298.9590772
261.178048
299.5722475
327.7730485
293.2418504
270.9866241
307.5075919
314.6375577
297.9400787
279.3968654
299.4779069
328.57298
293.6168295
263.9886693
297.9285412
333.4787236
284.6770193
265.2316174
286.4478144
326.3687187
268.8187655
266.4732497
306.609666
324.3450588
289.6771674
276.7140974
297.6750157
345.1649397
294.3647782
280.0241537
292.2094747
320.3025854
293.0526813
268.3460135
304.7290296
329.5805185
289.4376433
256.9109415
299.2656572
313.5066969
294.5785202
269.207506
311.9982017
338.2032189
309.8422749
264.6891703
288.8169722
326.7459649
286.2083462
273.0577326
304.7615546
320.1287107
282.6049369
264.4038495
305.286988
325.2446365
292.1051112
262.1933778
306.0416497
321.1623802
288.5024771
251.9470723
304.0399375
336.3748283
280.7714662
263.2886386
300.8928657
320.1286723
292.0929954
259.2470877
295.2259601
343.582218
292.3948031
267.1332048
316.6182557
310.1572669
301.1767928
260.3439383
307.9702431
341.8390311
290.7067642
263.8691571
317.8819665
338.4500449
303.8304882
280.4393922
306.9536679
336.8956443
302.0660048
284.4077512
322.8053164
347.0087852
296.4153538
269.1627176
312.7989224
328.9909414
304.0289461
282.9609461
330.9158615
345.4955104
298.8402908
294.9169791
336.4493366
368.3770139
338.1863219
326.9537976
350.4234612
398.7665222
347.8195725
321.0746494
374.8782005
418.8595642
393.0264563
392.2898979
451.3020812
508.7024807
473.5239941
417.3853111
481.1472435
582.2678678
521.1242379
506.018251
577.2518431
620.6806239
520.1639611
469.997372
535.2801202
590.299593
481.418564
432.6511218
478.5600646
473.9460237
417.2366422
378.510287
430.9995143
485.0648401
426.7924536
398.0885679
446.6830244
482.9894035
404.7479592
380.3813042
446.2191551
467.9678513
400.8994352
370.8685977
403.9723533
400.5132345
349.3820601
320.7358447
344.7505637
373.2974165
336.0374331
296.5168462
337.5364552
350.8733042
299.5741692
277.0869219
323.3018666
348.4211493
301.4558715
299.8297153
320.1854838
336.6824705
289.9700674
282.6836681
301.2173571
324.7297695
283.2511356
282.0818825
302.4167375
350.8124659
290.5696796
272.6563777
297.054031
341.5794769
280.0125686
267.7637745
298.4805307
338.4606159
286.8730686
275.3079081
311.6574935
322.2388799
292.8226334
289.1696113
295.9080243
324.1022441
299.6692652
257.6328209
303.4285405
331.1555185
289.1296911
283.9012988
309.3617017
340.457565
296.6478997
269.3169734
297.9232916
334.1907481
313.8532766
283.3783236
311.967823
337.3963652
292.73162
283.2299574
307.7493286
359.0698975
321.6348429
288.0361806
315.921466
351.4524589
317.864883
281.3582183
307.8776927
335.7421814
315.448866
280.3113848
325.038713
339.6151709
300.8902755
280.6147619
303.5095803
331.1207871
286.1239523
277.771637
316.8351414
333.8688718
304.6200932
267.5192862
319.8142101
337.2877963
296.1539884
289.1560607
319.1987488
328.1347056
294.6533891
267.9139523
307.5890293
341.8718879
286.4256414
250.5064316
311.6895393
344.160421
291.6569784
263.600866
293.3741549
326.7269084
291.2814537
272.8732324
312.4858858
327.2292391
298.9682752
272.5077414
286.5771067
317.209897
307.9901169
273.4854454
303.6587037
318.8354145
277.1822396
267.3043719
284.9382863
331.8640732
298.9509667
271.6373041
313.6288013
329.9042815
293.2093304
273.2843894
292.23983
329.9570848
280.5494111
274.2598023
307.7201792
332.6891921
300.4967732
259.832138
295.9553874
317.1192949
274.0120226
278.8849512
287.5488981
323.4240245
291.7120704
268.7066353
298.5486233
320.8050465
284.6517367
266.5622971
308.6456685
338.4650894
280.0493752
261.7470929
294.6774845
340.5178779
276.5651504
281.8730393
300.7591214
353.6979484
289.9989846
274.384622
291.9269585
328.8216893
290.0724015
282.9178497
298.6709919
332.4328992
275.249679
270.9906285
320.3021919
328.928626
309.1074547
278.4059714
318.3606306
332.0918963
304.7290305
259.3870147
303.5407177
337.9161622
314.1201643
293.4359219
323.5827708
345.7316288
293.1013794
284.8555738
307.2227102
341.3407306
305.1482824
274.5101788
313.4967945
350.9199422
287.9254333
255.5322451
302.47687
340.7703377
296.6397284
272.2361964
308.5237948
340.5963651
295.381208
265.2340825
301.0613376
325.8144028
307.6238123
265.7626655
318.3885057
326.7544329
285.1262828
272.2622593
288.8130198
332.7790975
291.8346395
297.9870241
298.8332078
346.3116155
311.1332789
256.077327
298.4602726
339.2880076
302.5806909
272.5093706
335.4050266
322.9990831
309.9340566
269.2808746
312.503621
347.3284871
318.6020283
309.7373704
333.0793004
367.4427936
327.4817635
295.9078687
328.7215143
382.4666725
331.5035158
325.7315781
371.5239488
411.7983306
359.7540368
326.4476654
365.1690065
417.535612
373.0032995
330.9057677
374.009579
404.338268
344.2048181
295.7490935
339.2773615
384.5528041
327.7534843
303.5173275
341.7448246
371.3855615
342.3180781
314.1372374
314.9767766
366.1433699
354.8903312
305.8475239
342.7180461
380.2364909
327.9163368
301.0816214
323.2225865
351.5035649
333.0195619
278.102656
322.8402817
349.132135
295.3309999
259.3151316
310.3938937
348.5177518
312.289493
291.4176294
319.2267679
340.8890925
291.3077255
273.9573422
286.6326967
326.9140524
296.8574028
279.5150481
305.5438137
335.9477293
311.5999952
250.2554941
321.1540211
333.5902728
297.8726314
265.6670093
310.2715333
330.1413372
277.5983361
266.6274477
305.7403885
344.6266147
297.1368506
277.4245193
320.0156393
322.5982772
283.0021502
260.2424198
297.5692177
327.8980784
295.9658452
272.123917
325.5914399
332.1009234
295.3812747
251.9057259
294.8709647
335.2084581
281.268746
262.4705271
302.5770723
330.8968105
308.1737514
255.7975406
299.1555083
316.3429241
299.7348645
286.8379778
309.0329183
