5	11.46279281
5.02	0
5.04	0
5.06	5.663478578
5.08	0
5.1	5.619088127
5.12	5.597153086
5.14	0
5.16	5.553793292
5.18	0
5.2	5.511100796
5.22	0
5.24	5.469060316
5.26	0
5.28	10.85531407
5.3	0
5.32	0
5.34	0
5.36	0
5.38	0
5.4	0
5.42	5.287559798
5.44	5.268134765
5.46	0
5.48	0
5.5	0
5.52	5.191842773
5.54	0
5.56	0
5.58	0
5.6	5.117731384
5.62	5.099533344
5.64	5.081464419
5.66	0
5.68	5.045708461
5.7	5.028018748
5.72	0
5.74	0
5.76	0
5.78	4.958484602
5.8	0
5.82	4.924434676
5.84	0
5.86	4.890849795
5.88	0
5.9	0
5.92	4.84132381
5.94	0
5.96	0
5.98	0
6	0
6.02	0
6.04	4.745225023
6.06	4.729578745
6.08	4.71403545
6.1	0
6.12	0
6.14	4.668013406
6.16	0
6.18	0
6.2	0
6.22	0
6.24	0
6.26	0
6.28	4.564050158
6.3	0
6.32	0
6.34	0
6.36	9.013397149
6.38	0
6.4	4.478560727
6.42	0
6.44	0
6.46	0
6.48	4.423327715
6.5	0
6.52	0
6.54	0
6.56	0
6.58	0
6.6	4.342990114
6.62	4.329883832
6.64	0
6.66	0
6.68	8.582072262
6.7	0
6.72	0
6.74	4.25288047
6.76	0
6.78	0
6.8	0
6.82	0
6.84	0
6.86	4.178572634
6.88	4.166440156
6.9	0
6.92	4.142385716
6.94	0
6.96	0
6.98	0
7	4.09510206
7.02	4.083449639
7.04	0
7.06	0
7.08	0
7.1	0
7.12	0
7.14	0
7.16	0
7.18	0
7.2	7.962985555
7.22	3.970478249
7.24	3.959524615
7.26	3.948631372
7.28	0
7.3	3.927024072
7.32	0
7.34	0
7.36	0
7.38	3.884512623
7.4	0
7.42	0
7.44	0
7.46	0
7.48	0
7.5	0
7.52	3.812295532
7.54	0
7.56	0
7.58	0
7.6	0
7.62	0
7.64	0
7.66	0
7.68	3.73298797
7.7	0
7.72	3.713675107
7.74	0
7.76	0
7.78	0
7.8	3.675644073
7.82	0
7.84	3.656919833
7.86	0
7.88	0
7.9	0
7.92	0
7.94	0
7.96	3.601877093
7.98	0
8	3.583896757
8.02	0
8.04	0
8.06	3.557261145
8.08	0
8.1	0
8.12	3.531019487
8.14	0
8.16	3.513739619
8.18	0
8.2	0
8.22	0
8.24	0
8.26	0
8.28	6.92580519
8.3	0
8.32	0
8.34	3.438033156
8.36	0
8.38	0
8.4	3.413519308
8.42	0
8.44	3.397370548
8.46	0
8.48	3.381374273
8.5	0
8.52	3.365528334
8.54	0
8.56	6.699661249
8.58	0
8.6	0
8.62	0
8.64	0
8.66	0
8.68	0
8.7	6.592052859
8.72	0
8.74	3.280970702
8.76	3.273494449
8.78	3.266052289
8.8	3.258643991
8.82	6.502538647
8.84	3.243928059
8.86	3.23661997
8.88	0
8.9	0
8.92	0
8.94	0
8.96	0
8.98	6.38691146
9	3.186373711
9.02	0
9.04	6.344607557
9.06	0
9.08	0
9.1	3.151431043
9.12	0
9.14	0
9.16	3.130832036
9.18	12.49610241
9.2	9.351746377
9.22	3.110501415
9.24	0
9.26	3.097094194
9.28	6.180867945
9.3	6.167604858
9.32	9.231598136
9.34	0
9.36	3.064078026
9.38	6.115118724
9.4	3.051068468
9.42	3.044605168
9.44	6.07633857
9.46	3.031760646
9.48	0
9.5	0
9.52	9.038089429
9.54	3.006395103
9.56	3.000120127
9.58	11.97548552
9.6	5.975297404
9.62	8.944355781
9.64	8.925842686
9.66	0
9.68	0
9.7	5.913841334
9.72	8.852553065
9.74	5.889612667
9.76	5.877572896
9.78	2.932791214
9.8	2.92682048
9.82	2.920874097
9.84	8.744855747
9.86	11.63621516
9.88	0
9.9	2.897329117
9.92	2.891502282
9.94	5.771397851
9.96	0
9.98	11.49664832
10	5.736856623
10.02	8.588152384
10.04	5.714058786
10.06	5.70272794
10.08	14.22860529
10.1	0
10.12	17.0070134
10.14	0
10.16	8.470115579
10.18	2.817839517
10.2	8.436986696
10.22	11.22735951
10.24	8.404116974
10.26	8.387778352
10.28	5.58100226
10.3	2.785097239
10.32	13.89857161
10.34	5.548704512
10.36	5.538021843
10.38	16.58214119
10.4	8.275169904
10.42	13.76555056
10.44	2.747850513
10.46	2.742611056
10.48	2.737391624
10.5	10.92876842
10.52	16.36207429
10.54	8.165557032
10.56	5.43342376
10.58	10.84636351
10.6	2.706489229
10.62	5.402813645
10.64	2.69634355
10.66	18.83909513
10.68	8.058821934
10.7	10.72506986
10.72	13.38139831
10.74	13.3565523
10.76	7.999079282
10.78	13.30713729
10.8	18.59559414
10.82	7.954852903
10.84	5.293479824
10.86	10.56752073
10.88	13.18519173
10.9	13.16107153
10.92	5.254815925
10.94	7.867857658
10.96	10.47139192
10.98	7.839282447
11	5.216715262
11.02	7.810914997
11.04	12.99468079
11.06	7.782753054
11.08	7.768748452
11.1	10.33972586
11.12	12.90148436
11.14	7.727036835
11.16	2.571077596
11.18	10.26597095
11.2	12.80962139
11.22	7.672116396
11.24	7.658508635
11.26	10.19326572
11.28	5.087625408
11.3	7.617974835
11.32	2.53485307
11.34	7.591190983
11.36	17.68169644
11.38	7.564595727
11.4	12.58561367
11.42	10.05091611
11.44	5.016701422
11.46	7.511963103
11.48	12.49819959
11.5	4.99061457
11.52	14.94593832
11.54	4.973374293
11.56	7.447198458
11.58	4.956253323
11.6	4.947737191
11.62	12.34812607
11.64	2.465396438
11.66	7.383546583
11.68	4.913964817
11.7	9.811188024
11.72	4.897251826
11.74	9.777876226
11.76	9.761305456
11.78	12.18098882
11.8	7.296249547
11.82	12.13991275
11.84	7.271687391
11.86	9.679291406
11.88	12.07881822
11.9	2.411718106
11.92	9.630744673
11.94	16.82567433
11.96	9.59865128
11.98	2.395671274
12	7.175079175
12.02	14.32636863
12.04	11.91888175
12.06	4.75967545
12.08	7.127736498
12.1	14.23199765
12.12	4.736199977
12.14	11.8210662
12.16	2.360339303
12.18	7.069434334
12.2	14.11577762
12.22	11.74396858
12.24	4.68994078
12.26	11.7057978
12.28	4.674722338
12.3	7.00072546
12.32	6.989404361
12.34	4.652080021
12.36	4.644581527
12.38	16.22987558
12.4	4.629657249
12.42	2.311115615
12.44	13.8444874
12.46	11.51862712
12.48	9.200192521
12.5	9.185530506
12.52	9.170915427
12.54	6.867260296
12.56	4.570912593
12.58	6.845512183
12.6	0
12.62	4.549268142
12.64	9.084198162
12.66	9.069905436
12.68	15.84740131
12.7	11.30181914
12.72	6.770473112
12.74	6.759888151
12.76	8.999115254
12.78	4.492545216
12.8	6.728332147
12.82	17.91434468
12.84	6.707458997
12.86	4.464714145
12.88	6.686715766
12.9	8.901856658
12.92	19.99830375
12.94	2.218613962
12.96	6.645614254
12.98	2.21180607
13	8.833671472
13.02	4.410080196
13.04	11.00836356
13.06	8.793262647
13.08	2.1949689
13.1	2.191632381
13.12	8.753224221
13.14	15.29492915
13.16	6.545051409
13.18	10.89193892
13.2	4.350203549
13.22	10.85912865
13.24	10.84279803
13.26	10.82651678
13.28	10.81028468
13.3	10.79410151
13.32	8.622373634
13.34	2.152376214
13.36	17.19334939
13.38	17.16776595
13.4	6.428347147
13.42	6.418810638
13.44	8.54573677
13.46	6.399822838
13.48	2.130123765
13.5	10.63491303
13.52	2.123850763
13.54	14.84509736
13.56	14.823304
13.58	16.9160857
13.6	12.66849432
13.62	12.64997903
13.64	8.421012109
13.66	4.204370495
13.68	8.396505838
13.7	12.57645974
13.72	6.279107102
13.74	12.54002191
13.76	4.173960878
13.78	12.50379614
13.8	8.32384146
13.82	14.545744
13.84	6.224925523
13.86	14.50396896
13.88	0
13.9	14.46243495
13.92	6.189324718
13.94	12.36097704
13.96	6.171677706
13.98	4.108594776
14	8.205509048
14.02	8.193861954
14.04	8.182248126
14.06	4.085333711
14.08	8.159119702
14.1	14.25830844
14.12	14.23821464
14.14	6.09350478
14.16	8.113255858
14.18	10.12733871
14.2	2.022629556
14.22	4.03959875
14.24	10.08488582
14.26	14.09914024
14.28	6.034069566
14.3	8.034232092
14.32	8.023069447
14.34	4.00596901
14.36	4.000418841
14.38	11.98465246
14.4	9.973412194
14.42	21.91123525
14.44	13.92430311
14.46	7.94579781
14.48	9.918601632
14.5	5.942996247
14.52	15.82627752
14.54	13.82904682
14.56	15.783032
14.58	13.79131116
14.6	9.837515054
14.62	9.82413039
14.64	9.810782396
14.66	15.67595348
14.68	13.69787415
14.7	7.816765554
14.72	11.70930497
14.74	9.744587263
14.76	11.6777474
14.78	9.718360713
14.8	19.4106015
14.82	11.63073136
14.84	15.48685876
14.86	13.53286533
14.88	17.37614332
14.9	9.640528317
14.92	11.55321398
14.94	5.768917693
14.96	9.60208169
14.98	17.26080261
15	11.49194636
15.02	9.563943108
15.04	13.37181729
15.06	9.538686705
15.08	5.715665337
15.1	9.513564501
15.12	7.600842712
15.14	9.488575432
15.16	5.685678296
15.18	9.463718445
15.2	17.01241048
15.22	7.551194
15.24	1.885335669
15.26	7.531517252
15.28	7.521717627
15.3	7.511943698
15.32	13.12884189
15.34	9.365590661
15.36	16.83624395
15.38	11.20965442
15.4	11.19518401
15.42	18.6345854
15.44	3.722118661
15.46	11.15199808
15.48	9.281397834
15.5	7.415595858
15.52	16.66372065
15.54	14.7932496
15.56	7.387175961
15.58	11.06662718
15.6	9.210438991
15.62	14.71795015
15.64	7.349623016
15.66	7.340294919
15.68	10.99648604
15.7	3.660855123
15.72	12.79679361
15.74	5.47741525
15.76	9.117513355
15.78	16.39085503
15.8	7.275661558
15.82	18.16630476
15.84	16.32916216
15.86	19.93285791
15.88	16.28829341
15.9	9.037742441
15.92	10.8317538
15.94	3.606083582
15.96	14.40637553
15.98	12.5899041
16	3.592648267
16.02	16.1468652
16.04	17.91873708
16.06	12.52759785
16.08	1.787445497
16.1	12.49667769
16.12	3.56607867
16.14	0
16.16	19.56520565
16.18	14.21176862
16.2	15.96863256
16.22	12.40483529
16.24	7.079806069
16.26	19.44567965
16.28	19.42195125
16.3	15.87132105
16.32	10.56800156
16.34	5.277577029
16.36	7.028225384
16.38	17.54925583
16.4	10.51680021
16.42	17.50679683
16.44	10.49138705
16.46	15.71809042
16.48	31.39829304
16.5	47.04074611
16.52	31.32279362
16.54	36.49937822
16.56	36.45560358
16.58	29.47632827
16.6	25.97740848
16.62	32.86539841
16.64	29.37078751
16.66	22.43324107
16.68	6.894317723
16.7	12.0507091
16.72	13.75588187
16.74	10.30467299
16.76	12.00787455
16.78	8.566903343
16.8	17.11355538
16.82	18.80268766
16.84	17.07319762
16.86	13.64247265
16.88	13.62642546
16.9	10.20781229
16.92	20.39166795
16.94	13.57851207
16.96	22.03925191
16.98	15.24010346
17	21.98777449
17.02	21.96212686
17.04	10.12455677
17.06	13.48370011
17.08	23.56904922
17.1	18.49704029
17.12	35.27158536
17.14	21.80950272
17.16	23.45998704
17.18	16.737772
17.2	21.73399228
17.22	16.69918424
17.24	13.34396621
17.26	16.66077602
17.28	19.96996662
17.3	29.92058297
17.32	6.641399042
17.34	13.26759458
17.36	9.939319686
17.38	23.16526268
17.4	16.52774324
17.42	13.20713104
17.44	14.84111493
17.46	13.17710785
17.48	6.581073997
17.5	14.79062527
17.52	6.566165571
17.54	22.95557935
17.56	11.46481934
17.58	11.45187862
17.6	16.34138206
17.62	13.05838364
17.64	17.93508083
17.66	0
17.68	4.88040685
17.7	12.99982965
17.72	11.36211483
17.74	16.21343937
17.76	16.19532717
17.78	12.94180471
17.8	17.77514791
17.82	27.44010036
17.84	12.89862891
17.86	12.88430171
17.88	11.26125585
17.9	9.64180781
17.92	14.44670187
17.94	14.43072787
17.96	14.4147896
17.98	12.7990106
18	14.38301975
18.02	25.54166744
18.04	11.16219329
18.06	11.14993441
18.08	12.72880315
18.1	15.89356893
18.12	15.87617257
18.14	7.929407369
18.16	7.920747651
18.18	12.65937131
18.2	15.80697111
18.22	14.21078949
18.24	15.77259899
18.26	17.33101661
18.28	20.45989133
18.3	7.860661881
18.32	14.13387628
18.34	17.25606022
18.36	18.80446214
18.38	17.21882778
18.4	20.3275948
18.42	12.49582381
18.44	14.04268634
18.46	14.02760379
18.48	29.58205849
18.5	24.88451012
18.52	13.98255244
18.54	12.41564481
18.56	7.751489305
18.58	6.194574823
18.6	13.92293811
18.62	13.90811493
18.64	9.2622158
18.66	27.75712864
18.68	21.56596818
18.7	21.54310775
18.72	16.90880431
18.74	15.35538139
18.76	15.33915733
18.78	13.79067118
18.8	18.36817588
18.82	21.40697017
18.84	21.38444995
18.86	13.73269996
18.88	18.29104569
18.9	15.2265547
18.92	10.64742369
18.94	15.19468968
18.96	10.62516548
18.98	6.065183839
19	15.14714489
19.02	12.10509088
19.04	12.09249249
19.06	4.529970252
19.08	15.08421916
19.1	4.520571145
19.12	16.55825016
19.14	18.04484604
19.16	22.53273208
19.18	4.501891098
19.2	14.99081842
19.22	7.487682779
19.24	16.45593948
19.26	20.92237921
19.28	19.40796034
19.3	19.38803869
19.32	14.89858346
19.34	16.37165506
19.36	10.40766565
19.38	23.76463421
19.4	26.70791483
19.42	19.26937472
19.44	16.28824197
19.46	16.27166273
19.48	14.77737972
19.5	10.33365885
19.52	13.27265169
19.54	13.25919831
19.56	19.1327826
19.58	10.29184675
19.6	16.15656008
19.62	13.20566041
19.64	4.39744814
19.66	14.64339518
19.68	14.62866006
19.7	18.9981415
19.72	20.43899189
19.74	7.292317367
19.76	21.85502901
19.78	20.37760711
19.8	4.362263275
19.82	18.88425635
19.84	21.76778089
19.86	20.29634064
19.88	18.82783197
19.9	18.80909984
19.92	21.68123715
19.94	14.43980685
19.96	24.52332366
19.98	20.17566739
20	20.15569669
20.02	18.6974971
20.04	17.24217901
20.06	22.96688546
20.08	20.0762138
20.1	17.19123639
20.12	21.46790424
20.14	18.58723118
20.16	19.99736504
20.18	18.55076882
20.2	21.3837601
20.22	31.33214869
20.24	15.65075511
20.26	25.58530847
20.28	26.98035888
20.3	26.95405549
20.32	34.0140684
20.34	26.90160471
20.36	28.28995476
20.38	29.67560945
20.4	14.11753489
20.42	28.20770836
20.44	42.27060116
20.46	28.15314687
20.48	25.31335184
20.5	36.5284393
20.52	23.8609498
20.54	23.83796516
20.56	37.82386399
20.58	34.98842738
20.6	33.55663125
20.62	39.111841
20.64	58.61152811
20.66	48.79617016
20.68	76.6063433
20.7	82.09917923
20.72	115.3851893
20.74	118.052851
20.76	199.810404
20.78	237.0479517
20.8	470.875263
20.82	601.8679154
20.84	895.7248238
20.86	841.0182692
20.88	1084.424668
20.9	1099.938554
20.92	761.5187622
20.94	645.2320495
20.96	453.5761154
20.98	520.4326259
21	423.9129544
21.02	354.9806354
21.04	382.0324419
21.06	322.8503035
21.08	273.3461322
21.1	196.6263055
21.12	160.9744682
21.14	134.9239556
21.16	76.24930528
21.18	87.06071391
21.2	81.54329908
21.22	62.45828113
21.24	59.68709359
21.26	33.88158451
21.28	46.03614592
21.3	44.64067019
21.32	29.73285135
21.34	36.45651429
21.36	36.42277468
21.38	36.38909858
21.4	28.27648896
21.42	29.59565169
21.44	37.63246615
21.46	24.17001709
21.48	34.88012125
21.5	34.84805572
21.52	26.78157704
21.54	28.09485354
21.56	37.4254658
21.58	33.38499189
21.6	29.35191277
21.62	27.9921244
21.64	22.63959742
21.66	25.27999413
21.68	29.24489136
21.7	15.93723276
21.72	22.55720582
21.74	26.51376852
21.76	25.16520784
21.78	19.84924567
21.8	18.50917158
21.82	27.73861727
21.84	22.43475712
21.86	22.41448052
21.88	22.39424122
21.9	27.63851891
21.92	24.98374165
21.94	43.35374242
21.96	32.8141985
21.98	35.40748339
22	20.96337226
22.02	34.03492068
22.04	28.77296845
22.06	16.98698475
22.08	22.19387743
22.1	20.86968638
22.12	23.45743294
22.14	13.02028156
22.16	20.8138833
22.18	24.69447788
22.2	24.67250925
22.22	29.84017631
22.24	36.29491349
22.26	20.72155095
22.28	19.40923555
22.3	34.90568671
22.32	36.16646468
22.34	30.97242613
22.36	46.4176121
22.38	29.62953202
22.4	29.60341445
22.42	32.14928672
22.44	23.12711992
22.46	17.97194771
22.48	20.52133005
22.5	29.47352765
22.52	30.72802396
22.54	28.14268482
22.56	34.50852618
22.58	35.75533289
22.6	21.68963322
22.62	22.9454526
22.64	19.10453904
22.66	17.81537072
22.68	20.34270391
22.7	17.78438862
22.72	22.84577841
22.74	19.02162456
22.76	21.53914699
22.78	20.25457491
22.8	13.91296673
22.82	27.80186894
22.84	20.20207045
22.86	16.40001239
22.88	16.38586747
22.9	18.89047781
22.92	17.61593315
22.94	22.62957471
22.96	21.35400854
22.98	27.61087114
23	28.84114748
23.02	28.81642756
23.04	27.53993559
23.06	18.76116341
23.08	31.24187676
23.1	23.72354777
23.12	31.18855859
23.14	28.66901159
23.16	38.60792811
23.18	33.5976431
23.2	36.05567413
23.22	48.44747309
23.24	53.37110647
23.26	48.36530287
23.28	99.1268193
23.3	105.2330879
23.32	190.5012889
23.34	210.1154123
23.36	495.2049563
23.38	636.6859205
23.4	716.2825449
23.42	646.6996688
23.44	628.9251632
23.46	506.6503019
23.48	345.2631779
23.5	315.5099563
23.52	185.2240519
23.54	236.5436535
23.56	168.9946845
23.58	137.0413411
23.6	150.3745413
23.62	134.369558
23.64	165.9899289
23.66	132.9261584
23.68	149.8737347
23.7	160.7059575
23.72	124.0797735
23.74	91.15579227
23.76	70.43532619
23.78	87.36447576
23.8	43.6460588
23.82	52.08965165
23.84	43.5738841
23.86	59.25990334
23.88	32.62646474
23.9	32.59955881
23.92	31.36630197
23.94	31.34047975
23.96	30.11028938
23.98	37.30607424
24	32.46570683
24.02	24.02894162
24.04	14.40554675
24.06	25.18905958
24.08	29.9624368
24.1	16.7652458
24.12	23.93078561
24.14	26.30237802
24.16	23.89175246
24.18	16.71059928
24.2	34.58663154
24.22	20.25842939
24.24	25.00477938
24.26	30.93315817
24.28	34.47437438
24.3	14.25369371
24.32	20.17637666
24.34	24.90358828
24.36	29.62315539
24.38	20.12747064
24.4	23.66026176
24.42	20.09500118
24.44	18.89770034
24.46	31.86419095
24.48	36.5553778
24.5	48.30857034
24.52	48.26976943
24.54	44.70193234
24.56	74.0516731
24.58	95.13301541
24.6	171.3417538
24.62	170.0321076
24.64	280.0328093
24.66	259.906793
24.68	255.0202496
24.7	187.0228656
24.72	164.6831829
24.74	126.0410174
24.76	90.95387195
24.78	79.23012094
24.8	61.70386668
24.82	62.8182251
24.84	47.65751969
24.86	29.03645222
24.88	33.65563507
24.9	35.94827208
24.92	41.71340537
24.94	26.62919784
24.96	37.0201022
24.98	35.83496618
25	23.10113158
25.02	27.69955137
25.04	29.98426163
25.06	28.80837875
25.08	31.08863497
25.1	26.46214751
25.12	25.29179025
25.14	29.86690077
25.16	37.87834111
25.18	24.08556199
25.2	29.79693507
25.22	27.4834041
25.24	27.46197934
25.26	37.7308096
25.28	26.27676438
25.3	37.6721263
25.32	17.11038853
25.34	27.35536715
25.36	29.611992
25.38	26.17491952
25.4	25.017489
25.42	37.49719386
25.44	46.55140034
25.46	39.70829823
25.48	36.27670381
25.5	41.91258498
25.52	46.40788042
25.54	56.55139284
25.56	87.02213268
25.58	94.86024662
25.6	179.423469
25.62	253.7043676
25.64	403.3640705
25.66	291.5936043
25.68	330.7440756
25.7	306.8848325
25.72	241.5020384
25.74	212.1355091
25.76	143.5602801
25.78	112.0719101
25.8	72.78831604
25.82	63.78115056
25.84	80.50436585
25.86	67.03596957
25.88	63.63579476
25.9	41.27609248
25.92	59.08037206
25.94	47.89680783
25.96	40.06928936
25.98	52.27310341
26	47.78817344
26.02	43.31002088
26.04	42.16765541
26.06	45.46236731
26.08	36.56408603
26.1	38.75088976
26.12	44.2534096
26.14	42.00913253
26.16	36.45420961
26.18	41.94606553
26.2	33.09047755
26.22	23.14597491
26.24	25.33137007
26.26	35.21727423
26.28	25.29349075
26.3	25.27459469
26.32	23.05957739
26.34	30.72316977
26.36	40.56821588
26.38	24.10367789
26.4	39.41303134
26.42	30.63178652
26.44	45.91354187
26.46	30.58630403
26.48	34.92984548
26.5	35.99470301
26.52	39.23786564
26.54	39.2088268
26.56	54.41643346
26.58	50.02612627
26.6	68.46345574
26.62	65.15518639
26.64	68.36251224
26.66	100.8417528
26.68	123.5258208
26.7	160.2476178
26.72	273.7324187
26.74	410.8398416
26.76	790.8272046
26.78	754.6179281
26.8	946.0883861
26.82	929.2262613
26.84	830.5231419
26.86	713.6613574
26.88	524.9046555
26.9	447.1344179
26.92	264.2176143
26.94	235.047193
26.96	186.6147304
26.98	196.1241992
27	125.3012676
27.02	121.9998346
27.04	84.47941214
27.06	89.76105727
27.08	83.28914411
27.1	74.69253532
27.12	79.96980372
27.14	77.78099116
27.16	77.7247904
27.18	68.09308332
27.2	68.04395771
27.22	60.55796227
27.24	72.19254535
27.26	61.53167225
27.28	76.32920552
27.3	74.15561561
27.32	55.04746763
27.34	61.35503785
27.36	67.65356387
27.38	65.49242961
27.4	81.27913649
27.42	72.78244247
27.44	93.81168926
27.46	73.73176658
27.48	75.78425413
27.5	83.09285758
27.52	80.93151718
27.54	87.17573874
27.56	112.3074011
27.58	94.3934649
27.6	107.9555055
27.62	138.2513294
27.64	167.4575819
27.66	149.5595482
27.68	257.0989735
27.7	319.5828021
27.72	661.6689798
27.74	654.9439676
27.76	957.7547278
27.78	846.6848751
27.8	838.8029887
27.82	701.9749686
27.84	596.5202063
27.86	563.9075363
27.88	348.692496
27.9	299.7033362
27.92	236.2790181
27.94	188.477199
27.96	158.3346962
27.98	138.5755845
28	145.7123172
28.02	127.0223571
28.04	104.2307428
28.06	107.2516184
28.08	91.7150476
28.1	100.9191693
28.12	75.12209272
28.14	87.41001487
28.16	86.3215498
28.18	95.50383023
28.2	85.17537506
28.22	77.93775625
28.24	84.03239192
28.26	89.09450411
28.28	74.70566456
28.3	87.94848392
28.32	92.99738838
28.34	97.01807219
28.36	105.1194359
28.38	95.8642991
28.4	103.9552882
28.42	106.9389176
28.44	130.272953
28.46	99.66846906
28.48	116.8815257
28.5	126.9574728
28.52	126.8702863
28.54	81.13866647
28.56	68.92057281
28.58	93.18158581
28.6	57.69253829
28.62	55.63014848
28.64	58.62440906
28.66	50.50375388
28.68	47.4411164
28.7	36.31308498
28.72	37.2963376
28.74	26.1903827
28.76	35.23228324
28.78	31.18450829
28.8	31.16330981
28.82	48.22008941
28.84	35.13661519
28.86	34.10955963
28.88	23.05847397
28.9	30.05589909
28.92	26.03081543
28.94	19.00965319
28.96	19.99663724
28.98	42.96373404
29	26.95902185
29.02	28.93645856
29.04	23.9312755
29.06	17.93636961
29.08	27.88224352
29.1	27.86349376
29.12	33.81150647
29.14	33.7888021
29.16	27.80740053
29.18	14.88683284
29.2	26.77834405
29.22	35.6805518
29.24	30.70436157
29.26	21.77562268
29.28	31.65247041
29.3	31.63133706
29.32	34.5736922
29.34	26.65335188
29.36	33.54111872
29.38	28.58955456
29.4	39.40763319
29.42	40.36596997
29.44	44.27467993
29.46	39.32914392
29.48	41.26820528
29.5	48.11432154
29.52	59.85774056
29.54	60.79873962
29.56	70.55828058
29.58	72.4702937
29.6	102.7654568
29.62	91.9353179
29.64	140.7480872
29.66	161.1669688
29.68	236.2206885
29.7	364.8297971
29.72	726.2551652
29.74	793.9701859
29.76	1095.253057
29.78	1016.698343
29.8	1000.475267
29.82	867.6748491
29.84	771.9498112
29.86	683.1425753
29.88	471.2898294
29.9	376.980779
29.92	245.021552
29.94	237.1190774
29.96	156.6879795
29.98	149.8199566
30	108.1875562
30.02	113.9089166
30.04	89.71423376
30.06	82.90762288
30.08	74.18302559
30.1	102.0596494
30.12	55.80562931
30.14	60.57716709
30.16	73.99080029
30.18	77.78409502
30.2	68.13701649
30.22	63.29769204
30.24	72.84116807
30.26	50.76433985
30.28	47.85999358
30.3	49.74230746
30.32	59.26993069
30.34	78.33880126
30.36	61.10314665
30.38	64.88035838
30.4	59.11761912
30.42	68.60864666
30.44	52.3757613
30.46	56.14888877
30.48	68.47678106
30.5	52.27516448
30.52	55.09126964
30.54	45.56362672
30.56	62.60996115
30.58	65.41407897
30.6	67.26719535
30.62	74.79887823
30.64	62.45038791
30.66	77.54047518
30.68	68.9860146
30.7	79.33069538
30.72	79.28028983
30.74	90.54851508
30.76	77.29444744
30.78	85.7235938
30.8	73.43080696
30.82	66.79853768
30.84	66.75626823
30.86	47.92136292
30.88	48.83012078
30.9	45.04549343
30.92	48.76848874
30.94	38.42782814
30.96	45.89699774
30.98	35.57117369
31	34.61329221
31.02	27.11227456
31.04	30.83250796
31.06	33.61433735
31.08	23.3286382
31.1	23.31400567
31.12	18.63951376
31.14	21.42201392
31.16	30.71669339
31.18	24.18589236
31.2	19.52254761
31.22	28.80099559
31.24	27.85453131
31.26	22.26972317
31.28	15.76455284
31.3	12.0477356
31.32	21.30195359
31.34	22.21429545
31.36	14.80032219
31.38	26.80891584
31.4	24.94452652
31.42	23.08245179
31.44	15.68633401
31.46	28.58676551
31.48	19.35323583
31.5	30.39340675
31.52	23.93151089
31.54	26.67634192
31.56	22.98264307
31.58	15.61855137
31.6	20.199776
31.62	21.10493073
31.64	29.3452946
31.66	17.4130431
31.68	24.72962863
31.7	21.96837868
31.72	22.86966928
31.74	13.71337724
31.76	28.32359156
31.78	22.82760136
31.8	25.55124822
31.82	13.67978726
31.84	23.69712193
31.86	15.48479725
31.88	26.39910005
31.9	24.56346252
31.92	20.00245838
31.94	20.89890724
31.96	26.33473563
31.98	28.13377799
32	25.39568695
32.02	23.56736495
32.04	28.08246928
32.06	20.82272329
32.08	20.81008215
32.1	28.03135506
32.12	30.72542711
32.14	20.77225444
32.16	33.39600214
32.18	24.35530941
32.2	23.43907876
32.22	37.84024643
32.24	41.41905103
32.26	60.29133969
32.28	59.35564888
32.3	69.20651943
32.32	81.74025862
32.34	95.16020558
32.36	156.1101079
32.38	216.9867326
32.4	402.3497437
32.42	448.6802593
32.44	450.2010815
32.46	397.1536029
32.48	365.6277982
32.5	380.5967025
32.52	302.6894221
32.54	267.7073732
32.56	184.6063361
32.58	148.8453512
32.6	140.7398838
32.62	126.4126562
32.64	103.2057714
32.66	110.2574444
32.68	127.0754886
32.7	105.6858159
32.72	98.52251356
32.74	117.091622
32.76	117.908598
32.78	124.9264547
32.8	122.1960118
32.82	108.8496741
32.84	112.3228216
32.86	107.8369379
32.88	105.1230795
32.9	108.5922804
32.92	149.1145664
32.94	118.1637816
32.96	124.2629757
32.98	102.1708821
33	109.1525531
33.02	103.8099837
33.04	115.1784697
33.06	111.5960093
33.08	116.7994097
33.1	109.7096172
33.12	125.4336275
33.14	149.9053856
33.16	221.658141
33.18	243.4180835
33.2	415.6697071
33.22	460.0329325
33.24	509.5851293
33.26	462.9894528
33.28	343.1097745
33.3	379.5556051
33.32	308.700881
33.34	248.3833817
33.36	168.1066288
33.38	161.0448187
33.4	94.83209459
33.42	80.86177801
33.44	59.09038785
33.46	55.58218963
33.48	44.26635505
33.5	39.90336195
33.52	39.88023563
33.54	31.19254225
33.56	32.90640314
33.58	31.15645396
33.6	25.94870211
33.62	28.5270818
33.64	27.64665327
33.66	17.26918814
33.68	25.02588353
33.7	19.83667649
33.72	30.16886209
33.74	15.50648483
33.76	23.24634843
33.78	27.53539046
33.8	26.65958555
33.82	24.9252942
33.84	28.34699237
33.86	20.60417342
33.88	18.01832074
33.9	19.72304995
33.92	16.2836296
33.94	21.41357375
33.96	24.82554715
33.98	21.38910838
34	25.65227715
34.02	27.34681786
34.04	23.91482222
34.06	17.0722822
34.08	29.00635225
34.1	17.05284967
34.12	32.38198645
34.14	28.95688778
34.16	29.79162823
34.18	29.77471565
34.2	45.91207002
34.22	39.08810668
34.24	75.58413577
34.26	78.08767045
34.28	111.1305191
34.3	94.95910633
34.32	111.0048856
34.34	119.4107906
34.36	91.412742
34.38	97.28250585
34.4	76.93398944
34.42	70.13102126
34.44	58.26886012
34.46	62.45607142
34.48	39.64573408
34.5	53.11228283
34.52	36.23087628
34.54	32.84211392
34.56	21.04082522
34.58	26.91715481
34.6	31.10551969
34.62	32.76853743
34.64	24.3527108
34.66	24.33908925
34.68	24.32548367
34.7	25.15023521
34.72	16.75746228
34.74	16.74811205
34.76	22.59734323
34.78	20.91180549
34.8	27.58820941
34.82	28.40839456
34.84	18.37167706
34.86	15.02301575
34.88	30.02933819
34.9	30.84634946
34.92	30.8292324
34.94	20.81901032
34.96	19.14287391
34.98	26.61881138
35	23.27856666
35.02	20.77293603
35.04	23.25282498
35.06	14.93998492
35.08	28.20438793
35.1	19.06890927
35.12	19.88701758
35.14	25.67323845
35.16	19.0373935
35.18	19.8541696
35.2	14.88243419
35.22	15.7005979
35.24	17.34375596
35.26	18.98510961
35.28	16.49972957
35.3	14.84161076
35.32	18.95388381
35.34	19.76712958
35.36	18.10994709
35.38	22.21368153
35.4	13.97874293
35.42	29.58586426
35.44	18.89175486
35.46	19.70237386
35.48	22.973562
35.5	15.58070268
35.52	13.11344195
35.54	18.02116298
35.56	18.83005246
35.58	13.91029427
35.6	24.53423353
35.62	22.06881376
35.64	26.14142939
35.66	20.41190927
35.68	20.40083947
35.7	17.12741713
35.72	18.7484387
35.74	23.62653863
35.76	25.24229098
35.78	18.71802502
35.8	26.02839678
35.82	21.94959933
35.84	19.50022432
35.86	21.92591883
35.88	18.66756559
35.9	20.27990004
35.92	16.21518424
35.94	21.06839586
35.96	18.62740369
35.98	19.42684343
36	21.03444185
36.02	11.32015739
36.04	23.4363163
36.06	19.38517187
36.08	18.56750074
36.1	16.1370055
36.12	18.54762313
36.14	29.82151919
36.16	20.94445858
36.18	21.73839332
36.2	20.11739354
36.22	22.51945608
36.24	24.11511954
36.26	28.11930902
36.28	30.51327122
36.3	30.49702517
36.32	24.86591362
36.34	26.45608932
36.36	19.23056603
36.38	29.6313749
36.4	23.21226213
36.42	29.59993226
36.44	29.5842373
36.46	26.37195881
36.48	27.15671889
36.5	22.35251921
36.52	23.93645881
36.54	17.54412295
36.56	23.11412457
36.58	18.3222115
36.6	22.29352925
36.62	25.46488072
36.64	17.49787686
36.66	24.64310967
36.68	26.2191755
36.7	26.20537862
36.72	19.84211898
36.74	18.24515478
36.76	22.19982524
36.78	22.18817063
36.8	11.88028336
36.82	23.74810727
36.84	15.8237744
36.86	15.02471214
36.88	22.13009076
36.9	22.11851328
36.92	20.52788081
36.94	18.93891139
36.96	17.35160225
36.98	18.91914079
37	22.84870346
37.02	15.74951144
37.04	13.38010959
37.06	21.23969632
37.08	19.65615047
37.1	21.21760085
37.12	18.06485705
37.14	22.76559492
37.16	29.03067764
37.18	27.44720128
37.2	25.08156924
37.22	35.25267474
37.24	31.31947801
37.26	30.52068133
37.28	30.50488889
37.3	42.2156959
37.32	59.38397533
37.34	63.25812352
37.36	124.1123721
37.38	150.5737288
37.4	217.5551274
37.42	141.8456276
37.44	163.5832539
37.46	156.4920787
37.48	161.0804777
37.5	139.2206149
37.52	118.1605752
37.54	108.7764597
37.56	72.99604894
37.58	46.5693206
37.6	45.769687
37.62	41.09407478
37.64	30.99851308
37.66	30.98264731
37.68	27.09594887
37.7	38.68870907
37.72	28.61501646
37.74	22.41653287
37.76	25.4954498
37.78	30.11561708
37.8	18.52323976
37.82	29.31352028
37.84	20.81742185
37.86	26.20119026
37.88	20.0260134
37.9	20.7856732
37.92	25.39180488
37.94	19.9955064
37.96	17.67935626
37.98	22.28005644
38	21.50087441
38.02	26.094978
38.04	23.7804333
38.06	19.16806417
38.08	22.22370915
38.1	20.68058101
38.12	24.4979362
38.14	16.83382759
38.16	24.47321185
38.18	20.63885864
38.2	35.14477672
38.22	29.01801639
38.24	30.52990185
38.26	38.9060381
38.28	28.97423422
38.3	31.2459611
38.32	25.89826869
38.34	35.78257416
38.36	26.63322733
38.38	29.66214209
38.4	25.08615599
38.42	24.31378398
38.44	25.06103682
38.46	22.01231575
38.48	25.03597095
38.5	24.26517135
38.52	19.70560345
38.54	15.90811837
38.56	17.41448377
38.58	25.73031228
38.6	18.15352109
38.62	21.16855811
38.64	23.42495009
38.66	22.65802702
38.68	30.9505712
38.7	21.12647012
38.72	18.85354988
38.74	21.85926027
38.76	18.08144617
38.78	22.59059937
38.8	21.82675607
38.82	15.79775265
38.84	19.54943906
38.86	17.28517759
38.88	17.27662962
38.9	18.76966372
38.92	14.25789788
38.94	16.50099431
38.96	26.23862858
38.98	15.73541333
39	17.2255298
39.02	29.19411871
39.04	19.45316362
39.06	20.93925234
39.08	17.93910397
39.1	20.91866768
39.12	28.37567415
39.14	22.39084929
39.16	26.10983905
39.18	13.42133175
39.2	17.88633753
39.22	27.56126175
39.24	19.35789047
39.26	15.62756814
39.28	25.28940239
39.3	22.30327118
39.32	21.54929594
39.34	21.53877402
39.36	20.04355523
39.38	26.71170571
39.4	36.33987632
39.42	34.83963396
39.44	32.59994588
39.46	36.2868171
39.48	30.34767061
39.5	48.82859924
39.52	55.46008549
39.54	62.82424149
39.56	90.8692064
39.58	122.5759708
39.6	180.8212082
39.62	193.2740879
39.64	201.2909988
39.66	192.3500292
39.68	151.7436794
39.7	179.6477912
39.72	152.33292
39.74	142.6973546
39.76	113.9563331
39.78	108.0227302
39.8	85.20194583
39.82	74.88320376
39.84	60.90263542
39.86	64.54038614
39.88	42.51751643
39.9	39.56623951
39.92	43.20900466
39.94	58.56033951
39.96	42.43586453
39.98	52.6537288
40	48.2427726
40.02	50.41145311
40.04	55.49906058
40.06	43.79407092
40.08	37.93670003
40.1	52.50261755
40.12	40.81585061
40.14	42.98187076
40.16	26.21370412
40.18	42.94084696
40.2	41.4654387
40.22	31.26603364
40.24	37.06530256
40.26	47.21759689
40.28	50.82551938
40.3	47.89840967
40.32	79.79563238
40.34	70.32924804
40.36	73.92224532
40.38	66.64070658
40.4	57.19693893
40.42	86.1194595
40.44	67.26928881
40.46	70.1293614
40.48	57.81126997
40.5	51.28322814
40.52	37.54178721
40.54	35.35919624
40.56	36.06376987
40.58	25.23272111
40.6	25.94141005
40.62	26.64943135
40.64	25.91695516
40.66	18.70898335
40.68	33.80416183
40.7	33.06935535
40.72	24.43107105
40.74	35.19293371
40.76	21.536571
40.78	32.28968707
40.8	18.64750788
40.82	27.24126594
40.84	27.94503404
40.86	30.79675421
40.88	23.62364976
40.9	24.32812534
40.92	27.17753759
40.94	23.59051041
40.96	32.86837448
40.98	24.28266884
41	24.27133309
41.02	30.68177565
41.04	39.93902792
41.06	35.64322599
41.08	38.47675197
41.1	37.03443634
41.12	40.57654921
41.14	51.23075039
41.16	69.69832959
41.18	72.51229941
41.2	88.82120733
41.22	74.57564179
41.24	75.96082449
41.26	70.95869772
41.28	76.59965603
41.3	69.47233176
41.32	58.81157627
41.34	50.99366858
41.36	51.67800746
41.38	58.02244135
41.4	38.89951503
41.42	31.10524536
41.44	31.79750411
41.46	33.90169596
41.48	48.71122513
41.5	39.51553525
41.52	38.79203089
41.54	40.88913392
41.56	44.39363056
41.58	35.21684286
41.6	50.68895264
41.62	54.18412412
41.64	56.97272169
41.66	73.11941552
41.68	62.54224988
41.7	74.45719597
41.72	133.3976569
41.74	157.196318
41.76	246.2095268
41.78	281.8537914
41.8	306.2527687
41.82	261.9829831
41.84	217.0534789
41.86	221.85327
41.88	242.7375508
41.9	218.1550032
41.92	164.2391829
41.94	167.657188
41.96	104.7390952
41.98	99.10805167
42	69.76349317
42.02	80.88842899
42.04	54.36391575
42.06	57.82252005
42.08	52.92189818
42.1	58.46609756
42.12	54.26533974
42.14	67.45324748
42.16	63.9473076
42.18	60.4445431
42.2	58.33385054
42.22	44.42474531
42.24	54.81201654
42.26	61.7223586
42.28	62.38769439
42.3	61.66666399
42.32	59.56114288
42.34	55.38074363
42.36	68.50279896
42.38	72.62453972
42.4	80.88775603
42.42	87.07050037
42.44	64.92609648
42.46	75.25557982
42.48	69.70112329
42.5	66.90798823
42.52	62.74119182
42.54	65.46967909
42.56	64.7514944
42.58	55.77150924
42.6	47.48779509
42.62	43.33902139
42.64	39.88157319
42.66	41.23835899
42.68	43.28093266
42.7	30.90114784
42.72	38.43759987
42.74	41.16477265
42.76	40.46064654
42.78	34.27340448
42.8	32.8878145
42.82	34.24289037
42.84	36.96586766
42.86	32.15968863
42.88	33.51328417
42.9	40.33480406
42.92	34.16686046
42.94	45.76327544
42.96	42.32932226
42.98	38.89841516
43	30.01354211
43.02	43.63672745
43.04	36.80219146
43.06	39.51079188
43.08	36.76964341
43.1	32.66968235
43.12	38.09779282
43.14	36.72093752
43.16	48.93964416
43.18	35.32970917
43.2	29.20207284
43.22	32.58329983
43.24	41.38970806
43.26	42.04971105
43.28	40.67536626
43.3	39.97985607
43.32	33.86634349
43.34	40.62176057
43.36	37.89699748
43.38	43.96828373
43.4	48.00583007
43.42	36.4954707
43.44	48.63930685
43.46	41.19025531
43.48	47.24681675
43.5	51.94876165
43.52	58.66968873
43.54	56.62183906
43.56	56.59710546
43.58	54.5519525
43.6	96.94162109
43.62	121.7963945
43.64	112.9994983
43.66	112.2779556
43.68	141.1256693
43.7	162.5593345
43.72	227.6199541
43.74	251.0107884
43.76	454.1706543
43.78	569.9819535
43.8	821.7588198
43.82	846.861159
43.84	930.2067407
43.86	933.819823
43.88	765.4680651
43.9	743.7345787
43.92	659.1761781
43.94	700.3214231
43.96	591.8089946
43.98	547.4879607
44	379.7397123
44.02	359.5633883
44.04	256.7197712
44.06	232.6149229
44.08	173.884982
44.1	193.1219842
44.12	124.4776933
44.14	127.0855289
44.16	107.0787766
44.18	101.0496797
44.2	99.0127529
44.22	96.97757936
44.24	86.31311113
44.26	99.54889868
44.28	75.62534451
44.3	81.56057171
44.32	75.56052372
44.34	89.44075208
44.36	97.34911043
44.38	80.75901749
44.4	93.29590989
44.42	106.4834577
44.44	103.132516
44.46	98.46282648
44.48	95.77870015
44.5	116.2053629
44.52	143.21422
44.54	149.7499804
44.56	201.1219396
44.58	267.6072376
44.6	367.6393082
44.62	401.0693567
44.64	430.5213265
44.66	438.8923522
44.68	457.7797716
44.7	447.0664132
44.72	503.395114
44.74	520.2605424
44.76	523.323027
44.78	458.7788602
44.8	396.916185
44.82	392.8135738
44.84	317.2632283
44.86	301.4039293
44.88	261.3253528
44.9	268.4162352
44.92	187.1566037
44.94	169.4166964
44.96	133.3844493
44.98	131.3675461
45	106.4874948
45.02	104.4836267
45.04	97.91232883
45.06	90.04165027
45.08	84.78632434
45.1	76.27587771
45.12	55.38892442
45.14	71.65228998
45.16	46.2272041
45.18	67.68728463
45.2	58.54872197
45.22	51.37122848
45.24	61.09965436
45.26	63.02324535
45.28	47.41001661
45.3	56.47871507
45.32	51.26382921
45.34	49.94513175
45.36	53.16610754
45.38	55.08820263
45.4	38.22173893
45.42	38.20579874
45.44	42.0735889
45.46	41.40904319
45.48	47.85926772
45.5	44.60695897
45.52	51.0504885
45.54	46.50768053
45.56	45.19700798
45.58	50.34145901
45.6	38.70812046
45.62	42.56126183
45.64	48.98960818
45.66	50.90229541
45.68	41.86427961
45.7	41.20314033
45.72	45.69081004
45.74	51.46129953
45.76	46.93901404
45.78	57.20335982
45.8	48.82762933
45.82	50.09187088
45.84	55.20670045
45.86	55.82559625
45.88	69.91613584
45.9	66.04045008
45.92	62.80627678
45.94	84.56393627
45.96	87.09054193
45.98	99.21641178
46	145.2430991
46.02	168.8472442
46.04	221.8423803
46.06	245.3956993
46.08	221.6602887
46.1	201.7754402
46.12	181.9043507
46.14	188.847701
46.16	170.2762069
46.18	178.4935794
46.2	151.6578409
46.22	145.2263473
46.24	101.2356368
46.26	100.5578451
46.28	95.42744794
46.3	86.48580446
46.32	91.53569169
46.34	74.97828293
46.36	57.16157756
46.38	59.67776785
46.4	55.21118589
46.42	65.34089879
46.44	69.11888524
46.46	59.58068679
46.48	56.38857303
46.5	68.40131788
46.52	55.70971253
46.54	48.09340639
46.56	60.72492194
46.58	51.21587792
46.6	59.4116223
46.62	49.91081813
46.64	39.15465586
46.66	58.70821538
46.68	35.96789973
46.7	45.41476768
46.72	29.63377096
46.74	37.81506558
46.76	35.27981216
46.78	43.45222719
46.8	35.8808402
46.82	41.52948691
46.84	45.28663915
46.86	35.837483
46.88	32.68068272
46.9	43.34730325
46.92	37.67814764
46.94	31.38583454
46.96	23.84365009
46.98	34.49668657
47	34.48283914
47.02	34.46900386
47.04	30.06997592
47.06	30.68412941
47.08	28.16801253
47.1	31.28525826
47.12	25.64364337
47.14	37.5122692
47.16	34.99745068
47.18	29.36112019
47.2	33.09612094
47.22	34.33131667
47.24	32.4457443
47.26	34.30392364
47.28	31.79640907
47.3	27.42126277
47.32	29.27922577
47.34	36.74013781
47.36	35.48058288
47.38	33.59981243
47.4	36.07433812
47.42	28.59931139
47.44	37.28863138
47.46	33.54644342
47.48	36.01706577
47.5	37.24425396
47.52	29.78358978
47.54	47.1386622
47.56	40.91999146
47.58	34.70624636
47.6	31.5949662
47.62	40.87143034
47.64	27.85586686
47.66	33.41383074
47.68	34.01916293
47.7	39.57030648
47.72	66.13297195
47.74	65.48908894
47.76	71.63881753
47.78	69.75865367
47.8	67.87997307
47.82	69.70372558
47.84	49.32660589
47.86	55.47060561
47.88	52.98440741
47.9	56.04286579
47.92	60.33015087
47.94	49.22976875
47.96	44.90453693
47.98	42.42736753
48	33.19101003
48.02	51.61022924
48.04	36.23584447
48.06	36.83558562
48.08	39.27591715
48.1	43.55467953
48.12	36.17917653
48.14	31.87427252
48.16	25.73455007
48.18	33.68685053
48.2	35.51045393
48.22	35.49660464
48.24	30.58859244
48.26	31.18820735
48.28	37.90030924
48.3	35.44132614
48.32	29.93015981
48.34	39.07725007
48.36	36.01033611
48.38	34.16602171
48.4	42.69094087
48.42	65.2332594
48.44	63.37975659
48.46	84.67580985
48.48	93.16793321
48.5	102.2621673
48.52	79.7097963
48.54	81.50359324
48.56	72.35232342
48.58	82.04829606
48.6	83.23160367
48.62	81.98488943
48.64	58.88316627
48.66	74.63988727
48.68	49.73910773
48.7	54.57064949
48.72	52.12518601
48.74	46.65224232
48.76	44.21171547
48.78	35.11359424
48.8	42.3621698
48.82	41.74093652
48.84	41.72489071
48.86	46.54466818
48.88	29.0037147
48.9	41.67683482
48.92	38.03816129
48.94	38.62712149
48.96	41.62890091
48.98	36.18517388
49	42.19986776
49.02	26.51547673
49.04	31.32448195
49.06	30.71033804
49.08	31.30053122
49.1	28.28005457
49.12	34.88546176
49.14	35.47338789
49.16	30.05072199
49.18	28.8376901
49.2	33.03058958
49.22	39.0212765
49.24	30.004934
49.26	29.39364086
49.28	24.58532017
49.3	26.97362464
49.32	23.96743993
49.34	34.14062349
49.36	23.94923227
49.38	34.71320287
49.4	26.3241607
49.42	29.90247258
49.44	25.70637671
49.46	32.270193
49.48	29.27112064
49.5	33.44004389
49.52	24.47362415
49.54	20.88421555
49.56	30.41977988
49.58	33.98572903
49.6	30.99281311
49.62	25.61899586
49.64	20.8448014
49.66	31.55307802
49.68	30.35094777
49.7	32.12418627
49.72	33.30142148
49.74	34.47777115
49.76	26.14570667
49.78	31.48184464
49.8	29.68868586
49.82	31.45817925
49.84	23.73310289
49.86	27.87592457
49.88	29.0512263
49.9	24.89170932
49.92	30.21431285
49.94	27.83412628
49.96	29.00768556
49.98	20.12024451
50	30.16907019
50.02	29.5664539
50.04	20.09767009
50.06	25.99902768
50.08	20.67331787
50.1	30.70317328
50.12	19.47743284
50.14	31.86027096
50.16	18.28333438
50.18	24.17217011
50.2	24.75250893
50.22	18.85203067
50.24	18.84501272
50.26	18.24931306
50.28	29.42342846
50.3	18.82399363
50.32	18.81699883
50.34	22.33688664
50.36	18.80302653
50.38	25.25719086
50.4	22.31202923
50.42	17.60822927
50.44	19.94859787
50.46	22.28723319
50.48	19.93382551
50.5	21.68466447
50.52	15.23223568
50.54	18.15479668
50.56	29.27110821
50.58	26.33426567
50.6	28.07951141
50.62	24.56050445
50.64	22.79776929
50.66	33.30753022
50.68	30.37461755
50.7	22.18865836
50.72	24.51527569
50.74	32.09152068
50.76	26.8303061
50.78	31.48486359
50.8	39.63303231
50.82	39.03584596
50.84	41.35115245
50.86	40.75377627
50.88	67.51237734
50.9	77.37770246
50.92	127.9447494
50.94	128.4792107
50.96	160.3943286
50.98	183.5746406
51	153.8891808
51.02	146.8669806
51.04	128.8245903
51.06	146.7596344
51.08	140.3276047
51.1	136.7985006
51.12	122.8421772
51.14	122.7973664
51.16	97.85513034
51.18	85.66467244
51.2	72.32592162
51.22	59.57526567
51.24	59.55358221
51.26	54.32798859
51.28	48.5307611
51.3	51.97834411
51.32	38.68093097
51.34	40.39823683
51.36	35.19139897
51.38	37.48542592
51.4	25.94203696
51.42	24.78007136
51.44	29.9557397
51.46	21.30694114
51.48	29.93404958
51.5	27.0459852
51.52	29.33715614
51.54	22.42618504
51.56	29.31595177
51.58	23.55921292
51.6	26.99715167
51.62	32.15521022
51.64	21.81173589
51.66	22.95144336
51.68	25.23748853
51.7	33.82898648
51.72	27.51197692
51.74	28.07503439
51.76	30.3559488
51.78	24.61955464
51.8	31.47880885
51.82	36.61672583
51.84	26.30881995
51.86	29.15800359
51.88	33.71970463
51.9	31.99366458
51.92	31.98219499
51.94	33.68345252
51.96	37.66629827
51.98	27.95436117
52	35.35816651
52.02	29.07453967
52.04	31.34368496
52.06	33.04152772
52.08	25.62651029
52.1	30.17155714
52.12	26.17728819
52.14	32.42550244
52.16	32.98260523
52.18	30.12853439
52.2	35.23214358
52.22	31.24319051
52.24	41.45347336
52.26	31.78861005
52.28	34.61456367
52.3	28.92975697
52.32	39.69339995
52.34	29.47605258
52.36	35.13204702
52.38	31.1544659
52.4	30.01092719
52.42	40.75510634
52.44	34.51639479
52.46	47.51393563
52.48	52.58608771
52.5	63.30932854
52.52	75.15280695
52.54	81.33949211
52.56	76.22896117
52.58	100.4730668
52.6	108.9012353
52.62	84.04484684
52.64	78.94058507
52.66	76.65815806
52.68	89.02698146
52.7	83.36311907
52.72	64.75308313
52.74	71.484515
52.76	68.08343197
52.78	69.18439563
52.8	54.53909437
52.82	36.53397124
52.84	47.19654601
52.86	46.05664036
52.88	35.37255987
52.9	43.77923302
52.92	30.8591463
52.94	33.65272269
52.96	29.7161561
52.98	36.43157859
53	30.81592871
53.02	41.44692312
53.04	36.95324508
53.06	36.38062375
53.08	34.12988483
53.1	39.71107158
53.12	28.51489455
53.14	43.03687426
53.16	41.90440977
53.18	37.98008319
53.2	40.75852505
53.22	42.41874919
53.24	46.30960651
53.26	48.5244978
53.28	36.24132085
53.3	43.47445974
53.32	41.78783297
53.34	46.22913215
53.36	52.33769945
53.38	52.87611925
53.4	60.09316339
53.42	45.60877446
53.44	54.48914774
53.46	57.25158104
53.48	59.45425304
53.5	50.54449855
53.52	52.74797067
53.54	56.61728889
53.56	56.0428511
53.58	51.02926604
53.6	53.22953093
53.62	64.29901905
53.64	54.85505047
53.66	53.72832052
53.68	66.4473132
53.7	67.53143973
53.72	76.36140578
53.74	85.18529029
53.76	103.9561356
53.78	119.9502817
53.8	133.1705962
53.82	154.1150843
53.84	146.3315043
53.86	154.5611703
53.88	155.6117006
53.9	141.7678478
53.92	157.7106124
53.94	149.9391738
53.96	126.7436727
53.98	132.7597084
54	104.6299428
54.02	110.649438
54.04	92.45182051
54.06	94.62061996
54.08	73.69134205
54.1	70.36776704
54.12	65.94737906
54.14	56.58581313
54.16	40.08926074
54.18	43.91844505
54.2	31.28121898
54.22	36.20801001
54.24	26.87254341
54.26	31.79748142
54.28	29.04642567
54.3	31.77583592
54.32	30.66967996
54.34	25.18438434
54.36	26.81772544
54.38	31.7326448
54.4	22.9710077
54.42	32.8045852
54.44	28.96755075
54.46	28.95772546
54.48	23.48603833
54.5	25.66208647
54.52	20.19522469
54.54	26.73597138
54.56	24.54513284
54.58	26.7178804
54.6	28.34408073
54.62	26.69981713
54.64	25.05666551
54.66	27.22630768
54.68	23.4067201
54.7	26.11961487
54.72	19.03912845
54.74	25.55820964
54.76	13.59021077
54.78	23.9107135
54.8	20.64320826
54.82	23.35155757
54.84	17.37205676
54.86	20.62237992
54.88	23.32800664
54.9	25.48948629
54.92	26.56522003
54.94	17.88485617
54.96	22.21312219
54.98	27.62168854
55	21.11538556
55.02	18.94335405
55.04	29.21709797
55.06	22.7168
55.08	27.03475745
55.1	27.02571225
55.12	21.61333914
55.14	24.30687821
55.16	22.13886664
55.18	26.9896001
55.2	29.13903633
55.22	26.43215342
55.24	31.8158537
55.26	31.26617305
55.28	25.32793702
55.3	39.3260301
55.32	30.69640044
55.34	36.06972315
55.36	36.05772154
55.38	45.72965621
55.4	47.86572171
55.42	58.06709512
55.44	52.67105926
55.46	73.60969218
55.48	75.19657104
55.5	92.89014434
55.52	82.66115232
55.54	84.78002838
55.56	73.48772551
55.58	63.27533184
55.6	60.03816915
55.62	68.05618053
55.64	66.96230719
55.66	62.65613403
55.68	54.60551857
55.7	63.68503632
55.72	47.61265693
55.74	40.10978216
55.76	43.30427268
55.78	51.30665645
55.8	41.13864818
55.82	47.53419785
55.84	53.3937552
55.86	48.0366371
55.88	47.48726373
55.9	40.53758236
55.92	32.52604509
55.94	39.44485623
55.96	38.89903353
55.98	36.2228166
56	34.08087149
56.02	41.52243308
56.04	35.6550071
56.06	32.45137872
56.08	28.18622022
56.1	35.61996488
56.12	32.95096567
56.14	23.37690255
56.16	21.77589627
56.18	31.85674395
56.2	24.41551999
56.22	28.65233219
56.24	23.33871955
56.26	27.04286597
56.28	25.44380316
56.3	28.08503497
56.32	30.72454513
56.34	24.35980057
56.36	26.4694178
56.38	25.93158196
56.4	21.16174757
56.42	22.21260503
56.44	27.49237584
56.46	32.76871433
56.48	31.17299771
56.5	28.52195025
56.52	34.32082953
56.54	30.61480048
56.56	30.077198
56.58	35.86993338
56.6	41.65891415
56.62	53.77213905
56.64	52.70075011
56.66	81.65855762
56.68	74.25909704
56.7	82.658675
56.72	71.05324358
56.74	93.12793243
56.76	102.0392438
56.78	121.9864929
56.8	142.4464918
56.82	177.6081451
56.84	184.9048633
56.86	181.6945496
56.88	155.386526
56.9	163.2102439
56.92	139.548173
56.94	126.3922459
56.96	117.9632339
56.98	134.1724936
57	132.0336233
57.02	119.4208061
57.04	107.3396935
57.06	98.40692165
57.08	83.72400524
57.1	81.60477047
57.12	84.19323455
57.14	98.80349275
57.16	119.1528951
57.18	131.6529078
57.2	129.5217351
57.22	125.8256617
57.24	117.9565766
57.26	111.6577944
57.28	100.6687418
57.3	106.3722263
57.32	88.6155624
57.34	90.67163352
57.36	77.61962541
57.38	85.92698084
57.4	77.57013182
57.42	66.61648645
57.44	56.1900811
57.46	53.05162798
57.48	44.71381396
57.5	45.73911372
57.52	44.68537326
57.54	47.78776167
57.56	45.69550844
57.58	38.41356364
57.6	24.90899529
57.62	31.64513548
57.64	25.9304072
57.66	33.69884021
57.68	24.87740961
57.7	30.05067918
57.72	28.48730882
57.74	25.37156791
57.76	22.77542303
57.78	27.9428141
57.8	24.83020366
57.82	31.02794507
57.84	26.3654213
57.86	32.55876486
57.88	24.28220485
57.9	30.47229877
57.92	19.62003621
57.94	18.06538871
57.96	26.31555642
57.98	23.72812294
58	25.78331675
58.02	25.25969738
58.04	19.58298989
58.06	27.30452771
58.08	29.35601543
58.1	27.80222284
58.12	30.88165559
58.14	28.81382886
58.16	26.74730104
58.18	28.79574916
58.2	20.56194224
58.22	25.69437111
58.24	26.71377306
58.26	29.78679925
58.28	32.85790208
58.3	28.22842286
58.32	26.68034201
58.34	29.74953774
58.36	25.12537448
58.38	29.73094735
58.4	27.67189241
58.42	34.32292611
58.44	34.82433829
58.46	30.71777279
58.48	29.17278542
58.5	37.86163684
58.52	38.87281017
58.54	35.79275437
58.56	40.38210572
58.58	45.47960899
58.6	43.93291979
58.62	35.74823566
58.64	47.98985492
58.66	43.89197275
58.68	47.96004973
58.7	44.88483364
58.72	53.03129371
58.74	55.56353921
58.76	66.24750439
58.78	80.49080778
58.8	67.22499015
58.82	89.09578067
58.84	92.63085152
58.86	82.42635162
58.88	74.26270508
58.9	67.1210633
58.92	63.54207999
58.94	71.14490368
58.96	60.45480169
58.98	74.65593485
59	55.848262
59.02	58.36872202
59.04	49.72324029
59.06	58.33275056
59.08	44.11486747
59.1	38.0183497
59.12	32.93909632
59.14	35.9685601
59.16	28.36084493
59.18	30.37727952
59.2	27.83728396
59.22	30.86459641
59.24	25.29108279
59.26	40.95898099
59.28	33.86925836
59.3	25.26781581
59.32	24.24966835
59.34	23.73719218
59.36	28.77884231
59.38	31.79845675
59.4	22.70623307
59.42	30.77014553
59.44	19.16242656
59.46	19.15656991
59.48	28.22210988
59.5	24.68680487
59.52	18.63536635
59.54	22.65771893
59.56	27.68432091
59.58	20.12791289
59.6	28.17049
59.62	23.63588711
59.64	21.11499913
59.66	23.62149699
59.68	25.62403805
59.7	21.59801005
59.72	22.59569683
59.74	23.59277787
59.76	24.0874323
59.78	19.06342668
59.8	21.56522446
59.82	26.57232806
59.84	29.5715446
59.86	31.56682207
59.88	24.54453231
59.9	20.03028339
59.92	24.52966724
59.94	30.02723581
59.96	34.52087342
59.98	29.00876979
60	41.5
60.02	38.48836556
60.04	41.4749268
60.06	26.97553959
60.08	33.95894514
60.1	33.44945391
60.12	37.93122119
60.14	33.42928528
60.16	31.922829
60.18	31.4145692
60.2	32.40209789
60.22	32.39234553
60.24	22.91691694
60.26	27.39242116
60.28	31.36734096
60.3	23.89174492
60.32	26.87013949
60.34	23.37995122
60.36	26.8540094
60.38	31.32027832
60.4	21.37092191
60.42	28.32040427
60.44	27.81521768
60.46	21.84826768
60.48	21.34532318
60.5	31.26402061
60.52	21.33255069
60.54	24.79787344
60.56	22.80722371
60.58	18.33945912
60.6	29.23526741
60.62	32.19872892
60.64	22.28477476
60.66	16.83236221
60.68	23.26132648
60.7	26.71781254
60.72	30.1722394
60.74	17.80126371
60.76	27.68261006
60.78	30.14529721
60.8	24.70190902
60.82	30.12736704
60.84	26.6622002
60.86	34.55184148
60.88	30.10051863
60.9	30.09158162
60.92	24.16475231
60.94	34.0178215
60.96	26.12188227
60.98	32.02677414
61	20.19551771
61.02	28.56080688
61.04	32.49060595
61.06	29.52817279
61.08	29.51943715
61.1	30.49439783
61.12	19.17628964
61.14	27.03549438
61.16	31.94160145
61.18	25.05447234
61.2	28.48491213
61.22	23.56676574
61.24	25.52313391
61.26	25.51561016
61.28	21.58376982
61.3	31.3853271
61.32	26.96382417
61.34	27.44599543
61.36	24.98810656
61.38	26.94003322
61.4	32.31853664
61.42	29.86138545
61.44	25.44813023
61.46	31.80082294
61.48	24.9440918
61.5	24.44781739
61.52	27.86233845
61.54	30.7861887
61.56	28.3345351
61.58	29.79138566
61.6	28.31794171
61.62	27.33345864
61.64	26.83750716
61.66	25.85403462
61.68	23.40812978
61.7	30.22666565
61.72	25.83137628
61.74	31.18349754
61.76	21.9194972
61.78	25.8087647
61.8	26.28805368
61.82	28.22708567
61.84	33.08418078
61.86	25.77868841
61.88	39.87239517
61.9	36.94414668
61.92	31.10180876
61.94	33.03606109
61.96	41.76875438
61.98	39.81444811
62	37.37587751
62.02	51.43950737
62.04	47.05656332
62.06	62.56416071
62.08	68.36406893
62.1	79.00758849
62.12	97.39784953
62.14	115.2930418
62.16	136.5678062
62.18	174.2928168
62.2	170.8544155
62.22	172.7404233
62.24	127.7029588
62.26	144.1076437
62.28	129.5629179
62.3	103.4274709
62.32	115.4765507
62.34	123.6545363
62.36	114.4441759
62.38	118.2730953
62.4	91.69599102
62.42	109.5206419
62.44	69.93866994
62.46	64.1323351
62.48	64.59592579
62.5	53.49350523
62.52	46.24968435
62.54	40.93847183
62.56	41.40820102
62.58	36.10143247
62.6	35.60985453
62.62	41.37254992
62.64	40.87974421
62.66	44.23362449
62.68	39.8949841
62.7	41.80565285
62.72	34.10748589
62.74	42.26196468
62.76	33.60785157
62.78	35.03816224
62.8	33.58863048
62.82	31.18052759
62.84	34.04899882
62.86	34.99812688
62.88	35.46742452
62.9	39.29052452
62.92	34.96817153
62.94	40.70475334
62.96	30.16080562
62.98	35.41688351
63	33.97138518
63.02	29.65670713
63.04	26.30088176
63.06	20.55665768
63.08	29.63140298
63.1	37.74540957
63.12	27.22629091
63.14	34.85885414
63.16	31.98465865
63.18	30.54383818
63.2	30.53517245
63.22	39.58907099
63.24	37.19364008
63.26	37.18310007
63.28	38.60228129
63.3	38.11491422
63.32	47.15385568
63.34	45.71201357
63.36	53.79353531
63.38	64.72397056
63.4	71.36636186
63.42	86.56631804
63.44	78.93396326
63.46	100.7782477
63.48	96.94800341
63.5	82.19280801
63.52	75.52022196
63.54	74.54928926
63.56	79.27519036
63.58	69.28717462
63.6	78.75613164
63.62	92.01407843
63.64	87.72079027
63.66	82.48187356
63.68	81.98480078
63.7	77.69795797
63.72	69.15091475
63.74	69.60499167
63.76	57.27816108
63.78	69.56593792
63.8	54.40748354
63.82	53.44631388
63.84	55.32264629
63.86	51.9982894
63.88	51.98373101
63.9	44.88084364
63.92	38.25611902
63.94	41.07841474
63.96	42.48303263
63.98	38.69594705
64	34.91097842
64.02	42.44744269
64.04	34.89148939
64.06	24.98287831
64.08	25.44715437
64.1	40.04453903
64.12	36.73651301
64.14	37.19712911
64.16	32.95030358
64.18	31.99995658
64.2	32.93196609
64.22	40.44801941
64.24	32.91365301
64.26	37.60514926
64.28	38.06463582
64.3	39.46347486
64.32	30.99840846
64.34	31.45934921
64.36	36.14474573
64.38	31.91118453
64.4	32.3714918
64.42	36.58372154
64.44	37.98026604
64.46	38.43851367
64.48	34.6788151
64.5	37.94874276
64.52	43.09035682
64.54	35.5865422
64.56	32.29990703
64.58	36.5028533
64.6	37.89634316
64.62	48.64547513
64.64	59.85440472
64.66	87.88603636
64.68	101.4146715
64.7	121.9440231
64.72	110.7004495
64.74	113.4716918
64.76	102.7034729
64.78	91.47448609
64.8	77.9188357
64.82	66.2364034
64.84	68.08344898
64.86	67.13237707
64.88	68.97816614
64.9	82.00521972
64.92	74.52991258
64.94	71.24976169
64.96	60.05714919
64.98	59.10985405
65	44.20252617
65.02	43.72525804
65.04	36.73776294
65.06	40.91187866
65.08	36.71766219
65.1	42.28346301
65.12	34.37495575
65.14	39.00955816
65.16	36.67754
65.18	32.95435876
65.2	35.2654608
65.22	44.53369223
65.24	40.34765218
65.26	41.26393237
65.28	57.47750886
65.3	55.60830361
65.32	63.93185798
65.34	76.41909613
65.36	76.39830348
65.38	80.54347027
65.4	62.93680555
65.42	66.15811974
65.44	50.87746277
65.46	60.57362559
65.48	48.076312
65.5	54.99520139
65.52	59.13831673
65.54	54.96537593
65.56	51.25645223
65.58	50.78093666
65.6	39.22776062
65.62	40.60127472
65.64	35.51650095
65.66	47.95920623
65.68	34.11427961
65.7	28.57450795
65.72	37.78187915
65.74	32.70474195
65.76	34.07742877
65.78	34.06823109
65.8	21.6320926
65.82	30.36878846
65.84	27.14053741
65.86	24.83379754
65.88	22.52830132
65.9	28.49752152
65.92	25.73276815
65.94	23.42889361
65.96	33.98572137
65.98	28.46686722
66	31.2133338
66.02	29.82825885
66.04	26.1500636
66.06	29.3535924
66.08	25.67750064
66.1	29.33784274
66.12	32.0796608
66.14	32.52921972
66.16	21.98569246
66.18	37.54883112
66.2	33.41866776
66.22	28.83304895
66.24	41.63659477
66.26	37.96607835
66.28	26.98072026
66.3	38.40296336
66.32	25.13808035
66.34	42.03792401
66.36	29.2359671
66.38	48.41097675
66.4	42.46085019
66.42	41.99308239
66.44	51.56653817
66.46	55.20242609
66.48	55.18772438
66.5	53.80515099
66.52	56.07002761
66.54	67.9037746
66.56	63.3297516
66.58	62.85744195
66.6	57.37648594
66.62	77.39152126
66.64	61.4420296
66.66	70.52555941
66.68	86.42733844
66.7	108.6871922
66.72	110.9315278
66.74	116.3562435
66.76	116.3254196
66.78	98.12386586
66.8	84.47343679
66.82	82.63497116
66.84	76.25839837
66.86	78.9609644
66.88	69.866729
66.9	74.83730231
66.92	80.71210948
66.94	67.99815124
66.96	71.15253116
66.98	59.80701733
67	53.44994227
67.02	62.03963886
67.04	42.10217269
67.06	51.14473885
67.08	48.86890654
67.1	42.97363221
67.12	41.60562054
67.14	37.07351732
67.16	38.41976202
67.18	45.18964869
67.2	50.14713368
67.22	52.39216992
67.24	49.66928145
67.26	56.87871203
67.28	58.66893456
67.3	68.57923101
67.32	81.64167717
67.34	90.18797194
67.36	77.54159382
67.38	81.5775446
67.4	76.59985015
67.42	64.86787959
67.44	49.08897799
67.46	58.08061201
67.48	65.71723104
67.5	63.45012368
67.52	59.38471988
67.54	64.31650399
67.56	55.30700553
67.58	60.68680254
67.6	58.87337431
67.62	61.55373541
67.64	51.2068538
67.66	36.37306533
67.68	37.71039596
67.7	45.3322573
67.72	48.01266279
67.74	38.57813974
67.76	35.4288467
67.78	41.69653902
67.8	47.96276932
67.82	39.8824166
67.84	46.59386801
67.86	34.93499063
67.88	51.0473811
67.9	51.03414662
67.92	41.62086955
67.94	46.53349999
67.96	39.81009381
67.98	35.77509055
68	39.3424163
68.02	42.01398306
68.04	39.32206908
68.06	41.99226232
68.08	38.85513691
68.1	36.61262415
68.12	38.38869178
68.14	44.18022813
68.16	34.35353439
68.18	36.57484843
68.2	35.22766021
68.22	46.36548605
68.24	36.10088944
68.26	33.4181418
68.28	44.5478346
68.3	50.32586851
68.32	47.19630429
68.34	60.09255841
68.36	53.40207608
68.38	59.6167894
68.4	68.94172916
68.42	90.71235373
68.44	82.24270759
68.46	80.44388268
68.48	70.64826705
68.5	78.18161824
68.52	94.59290696
68.54	84.80120288
68.56	85.22335081
68.58	86.53278273
68.6	101.1506036
68.62	97.13303611
68.64	97.55160956
68.66	107.7224624
68.68	98.83130542
68.7	88.17241888
68.72	83.72035417
68.74	87.24172803
68.76	80.5785305
68.78	84.09891458
68.8	69.47485386
68.82	73.43866901
68.84	71.2085711
68.86	61.0206293
68.88	69.40410666
68.9	63.19927874
68.92	60.53223509
68.94	61.40027673
68.96	44.16212994
68.98	53.86372197
69	50.31900806
69.02	41.47912326
69.04	53.38155439
69.06	43.66329423
69.08	34.39265974
69.1	34.82476137
69.12	36.1380612
69.14	29.96055742
69.16	36.11975948
69.18	40.51435104
69.2	28.17676542
69.22	36.9726511
69.24	37.8433821
69.26	32.55468049
69.28	32.98627293
69.3	41.77206045
69.32	31.65083252
69.34	35.15871697
69.36	27.68050515
69.38	40.41213181
69.4	32.49721664
69.42	31.61094619
69.44	36.43121752
69.46	39.05496334
69.48	31.14836478
69.5	37.2809135
69.52	34.20211629
69.54	40.76919375
69.56	35.93799675
69.58	48.63730701
69.6	39.86237806
69.62	50.36463811
69.64	59.98422052
69.66	74.85159917
69.68	61.70456983
69.7	57.31411292
69.72	59.04930875
69.74	67.78011337
69.76	62.07992837
69.78	71.24266806
69.8	66.85532794
69.82	77.32282005
69.84	69.87902707
69.86	72.91792963
69.88	69.84410912
69.9	75.06353548
69.92	66.31886009
69.94	63.24899457
69.96	70.21048242
69.98	61.47356676
70	52.30514732
70.02	57.95690401
70.04	50.10086571
70.06	57.49250404
70.08	45.72164688
70.1	64.86432126
70.12	55.27354501
70.14	67.00757949
70.16	58.29103152
70.18	77.84644842
70.2	61.74030563
70.22	81.71983028
70.24	72.13916793
70.26	74.72800221
70.28	74.2751237
70.3	62.96648155
70.32	59.04369042
70.34	62.9352852
70.36	58.14661442
70.38	62.0365082
70.4	55.51562448
70.42	57.23627322
70.44	57.65560944
70.46	49.4071272
70.48	42.89408373
70.5	40.7176572
70.52	43.74075434
70.54	36.36803097
70.56	28.56783207
70.58	38.94652774
70.6	38.93692676
70.62	34.60207262
70.64	36.32322639
70.66	33.28809186
70.68	30.68665912
70.7	23.76550644
70.72	28.94358683
70.74	28.50458258
70.76	38.86033157
70.78	36.26073143
70.8	32.79927073
70.82	34.08560816
70.84	42.70439273
70.86	41.40016083
70.88	40.09656995
70.9	36.20737818
70.92	37.49130884
70.94	34.8971504
70.96	38.33439283
70.98	44.35538444
71	38.3156307
71.02	53.37223878
71.04	42.16961098
71.06	45.60260001
71.08	50.75255977
71.1	43.43038768
71.12	51.15765654
71.14	43.40918624
71.16	47.69531572
71.18	36.94278372
71.2	39.5105522
71.22	42.50642809
71.24	47.21957551
71.26	46.77892737
71.28	43.76422971
71.3	54.04813583
71.32	52.319646
71.34	51.44946089
71.36	49.29381943
71.38	53.13854699
71.4	37.70085055
71.42	41.97484356
71.44	36.82612602
71.46	42.38257999
71.48	38.52027296
71.5	37.65513494
71.52	38.50159966
71.54	34.6430444
71.56	35.06224256
71.58	41.46602605
71.6	32.05360114
71.62	23.92756551
71.64	29.90222379
71.66	28.61378103
71.68	33.73048421
71.7	24.75817077
71.72	31.15362125
71.74	25.17287624
71.76	29.85891765
71.78	27.71944995
71.8	27.71276615
71.82	25.574849
71.84	28.9778451
71.86	23.43231774
71.88	31.94546722
71.9	27.67940809
71.92	26.39554486
71.94	25.96356442
71.96	30.638151
71.98	34.8850639
72	29.34745289
72.02	25.51339571
72.04	25.08214971
72.06	28.05126476
72.08	33.56845932
72.1	25.0641034
72.12	24.2086683
72.14	25.47670247
72.16	28.86667989
72.18	29.28417619
72.2	28.85285998
72.22	25.02810915
72.24	35.20061345
72.26	28.83216149
72.28	35.60768689
72.3	26.27558484
72.32	22.87972103
72.34	36.0057774
72.36	34.30319915
72.38	35.98859639
72.4	32.17036517
72.42	44.86018963
72.44	36.80904885
72.46	42.3008645
72.48	37.63729865
72.5	38.89671015
72.52	42.69335249
72.54	38.87820394
72.56	31.26416284
72.58	41.81643789
72.6	35.04989541
72.62	39.26344607
72.64	40.52038543
72.66	36.71288333
72.68	35.4385115
72.7	35.00831925
72.72	32.46989719
72.74	34.99172385
72.76	29.92558782
72.78	24.8618525
72.8	32.4391428
72.82	29.90433856
72.84	25.26529352
72.86	23.57536405
72.88	24.83245819
72.9	26.08895891
72.92	23.13796418
72.94	29.02077316
72.96	32.37785572
72.98	28.16629145
73	25.63788802
73.02	25.63184269
73.04	25.62580099
73.06	26.45975514
73.08	23.09434533
73.1	24.34830267
73.12	23.50317285
73.14	24.33684453
73.16	25.58962685
73.18	29.35824153
73.2	28.93203676
73.22	23.89476308
73.24	19.27896423
73.26	25.97859057
73.28	27.64813864
73.3	28.47927833
73.32	32.65974664
73.34	23.86114296
73.36	25.94814357
73.38	25.5236447
73.4	26.77263512
73.42	25.92991908
73.44	27.17823143
73.46	19.22932627
73.48	22.1503475
73.5	26.32350397
73.52	33.83659707
73.54	28.81703541
73.56	30.4804697
73.58	30.05591224
73.6	28.79686216
73.62	27.12115182
73.64	27.11482856
73.66	36.28369677
73.68	35.85828661
73.7	43.35507772
73.72	43.7617469
73.74	47.9182192
73.76	44.15795282
73.78	62.47244571
73.8	61.62517257
73.82	64.10852142
73.84	52.44054447
73.86	54.92487648
73.88	39.51889355
73.9	45.74976414
73.92	44.90756109
73.94	40.3227968
73.96	49.04276668
73.98	45.70735263
74	54.42037626
74.02	41.53304621
74.04	43.59952157
74.06	39.85167835
74.08	38.59738406
74.1	38.58846003
74.12	30.28286575
74.14	34.42324853
74.16	32.34208751
74.18	33.99280627
74.2	30.66935514
74.22	29.00485904
74.24	28.58391032
74.26	34.37561758
74.28	29.3988721
74.3	35.1877247
74.32	36.4212551
74.34	38.06800127
74.36	29.78549299
74.38	28.5378645
74.4	31.42578203
74.42	35.96598106
74.44	37.61094488
74.46	29.75127468
74.48	28.91820863
74.5	29.7376157
74.52	36.33763499
74.54	33.02663652
74.56	40.86109157
74.58	37.96322011
74.6	32.17883377
74.62	36.29601016
74.64	35.87533972
74.66	45.35089237
74.68	46.16485954
74.7	41.62145142
74.72	37.90244034
74.74	53.13531456
74.76	50.65240651
74.78	51.05253939
74.8	46.51321003
74.82	51.02923621
74.84	48.1376623
74.86	43.60210829
74.88	53.87295242
74.9	40.29148896
74.92	39.46022259
74.94	44.3842852
74.96	41.08732707
74.98	39.84404443
75	36.1389519
75.02	42.70160103
75.04	44.74431067
75.06	37.34548341
75.08	38.15759408
75.1	32.81628387
75.12	39.37060234
75.14	44.69353541
75.16	39.76266588
75.18	37.2946617
75.2	34.00830036
75.22	37.27776093
75.24	33.17378854
75.26	28.6622154
75.28	31.11193375
75.3	33.56054452
75.32	36.82641341
75.34	37.63626746
75.36	33.53778766
75.38	37.21035604
75.4	34.34026399
75.42	29.01914669
75.44	29.01259789
75.46	32.27434059
75.48	33.08395009
75.5	33.07649206
75.52	26.53688266
75.54	33.46975685
75.56	40.80921767
75.58	36.31057552
75.6	35.07872829
75.62	41.18947542
75.64	33.43211668
75.66	37.09315572
75.68	37.89987198
75.7	39.92852888
75.72	35.43879616
75.74	35.43084175
75.76	33.38709359
75.78	33.37960509
75.8	38.66282306
75.82	37.43349988
75.84	39.86588109
75.86	31.31617681
75.88	37.4083535
75.9	25.61085666
75.92	32.10801611
75.94	27.22475897
75.96	30.06241428
75.98	35.7419084
76	32.48538491
76.02	43.44112285
76.04	40.18271328
76.06	43.82752775
76.08	34.89062015
76.1	36.50529698
76.12	27.98115524
76.14	36.89445941
76.16	33.64349417
76.18	40.52692494
76.2	32.41302622
76.22	40.91395984
76.24	44.14471921
76.26	40.0843583
76.28	33.19380552
76.3	48.97183823
76.32	42.48699776
76.34	31.14902674
76.36	36.80431502
76.38	33.56132238
76.4	38.40504136
76.42	42.43988217
76.44	35.96350917
76.46	42.01707938
76.48	38.77491457
76.5	48.45952708
76.52	46.83389532
76.54	50.85990562
76.56	48.83091709
76.58	47.60974478
76.6	50.42280942
76.62	55.6543152
76.64	43.54628222
76.66	45.55218016
76.68	33.85312616
76.7	34.65150661
76.72	42.29935308
76.74	36.24721446
76.76	43.08602416
76.78	32.20554919
76.8	35.01582182
76.82	35.41050548
76.84	36.6096236
76.86	29.76391411
76.88	30.96374868
76.9	36.98751515
76.92	25.32284125
76.94	26.92472486
76.96	24.90994585
76.98	29.32301421
77	24.89901295
77.02	28.50713126
77.04	29.70514287
77.06	32.5079616
77.08	34.10581816
77.1	36.90644682
77.12	27.67377427
77.14	31.67753098
77.16	32.87328077
77.18	28.85803068
77.2	22.03950902
77.22	34.05361465
77.24	31.24237161
77.26	29.63372487
77.28	27.62541322
77.3	25.21769821
77.32	32.01548726
77.34	33.20882355
77.36	30.00143063
77.38	28.79509626
77.4	23.99068561
77.42	27.58327978
77.44	29.17595715
77.46	31.56710945
77.48	37.55269279
77.5	33.55042738
77.52	31.14719538
77.54	31.5396626
77.56	41.11399542
77.58	37.91096796
77.6	25.93345222
77.62	29.91672037
77.64	29.11262424
77.66	27.91016117
77.68	21.52602833
77.7	25.10825751
77.72	26.69664816
77.74	27.0892382
77.76	28.67651383
77.78	29.8649046
77.8	24.28486806
77.82	28.65790826
77.84	29.44759445
77.86	25.06483203
77.88	19.49065832
77.9	25.84937204
77.92	25.84379237
77.94	24.64568285
77.96	17.48671191
77.98	28.60844954
78	21.05445841
78.02	19.06408015
78.04	20.64830507
78.06	21.04085647
78.08	20.242504
78.1	33.73024765
78.12	26.97839424
78.14	24.19600315
78.16	25.38051428
78.18	34.49422376
78.2	32.10841412
78.22	31.70520533
78.24	38.83054074
78.26	55.06573918
78.28	49.50908863
78.3	65.33747898
78.32	58.98923181
78.34	74.41300596
78.36	71.6270245
78.38	80.71131676
78.4	58.54317172
78.42	68.81278023
78.44	58.91351179
78.46	53.76204873
78.48	58.09790315
78.5	49.78778995
78.52	40.69113936
78.54	54.50605012
78.56	55.28416956
78.58	58.8254985
78.6	53.2870528
78.62	65.11438539
78.64	55.63157399
78.66	52.06962869
78.68	46.93171838
78.7	47.31601484
78.72	41.78710302
78.74	40.98997553
78.76	37.4333643
78.78	47.66972585
78.8	36.23585052
78.82	36.6219376
78.84	32.28345392
78.86	33.45745242
78.88	34.63095368
78.9	28.32840643
78.92	34.6162662
78.94	27.13654637
78.96	27.13079637
78.98	25.55258299
79	26.72627274
79.02	25.54176502
79.04	28.67929733
79.06	27.10209528
79.08	22.77665448
79.1	28.26849142
79.12	22.37449388
79.14	24.33202842
79.16	24.71926018
79.18	25.89090201
79.2	23.53221755
79.22	25.09573789
79.24	27.83471433
79.26	21.16560252
79.28	18.418032
79.3	19.98131483
79.32	25.46101996
79.34	27.02216353
79.36	18.01098555
79.38	27.40225715
79.4	17.22065467
79.42	21.12999807
79.44	22.69041504
79.46	26.59696857
79.48	20.33458832
79.5	24.2399978
79.52	23.45314103
79.54	23.83902616
79.56	23.44330665
79.58	25.78223299
79.6	23.43348337
79.62	25.38095721
79.64	27.71801089
79.66	26.15095897
79.68	23.41387004
79.7	22.6286745
79.72	19.11333197
79.74	23.00920257
79.76	21.05487082
79.78	22.21994474
79.8	24.55375952
79.82	21.82100946
79.84	27.27057182
79.86	22.59090474
79.88	25.31211562
79.9	29.20020111
79.92	21.40902016
79.94	25.68547442
79.96	27.23649903
79.98	28.78687891
80	34.61485515
80.02	32.27455678
80.04	40.04478805
80.06	38.09146988
80.08	31.08861836
80.1	29.13952771
80.12	38.06774604
80.14	31.06926284
80.16	31.06281824
80.18	26.7861254
80.2	29.49744292
80.22	32.20763765
80.24	25.60558773
80.26	35.68524694
80.28	33.35104358
80.3	27.14058136
80.32	31.01139156
80.34	27.51691925
80.36	29.06116023
80.38	30.99216599
80.4	19.75342496
80.42	27.8814302
80.44	31.36013488
80.46	28.64408848
80.48	22.83314391
80.5	28.24535318
80.52	22.82373098
80.54	25.13960764
80.56	26.29448042
80.58	26.28906664
80.6	25.51060719
80.62	26.664693
80.64	27.43193951
80.66	20.85943908
80.68	24.71721709
80.7	27.02890186
80.72	21.23263264
80.74	26.63183391
80.76	28.16992567
80.78	28.54995646
80.8	21.6009414
80.82	28.15259705
80.84	26.99010837
80.86	25.0571089
80.88	28.13529745
80.9	30.82689025
80.92	36.21418307
80.94	38.9045641
80.96	34.65897083
80.98	36.96201085
81	44.65484202
81.02	40.02735584
81.04	40.01918135
81.06	33.08475618
81.08	37.69353978
81.1	35.76310261
81.12	36.52475142
81.14	41.90034061
81.16	48.42514573
81.18	40.34632337
81.2	44.94800074
81.22	56.84531833
81.24	43.77770097
81.26	55.28649513
81.28	49.13372805
81.3	37.22542077
81.32	42.20735084
81.34	38.74627505
81.36	45.25847445
81.38	37.96209798
81.4	32.58710629
81.42	35.26359543
81.44	31.68021471
81.46	31.16344417
81.48	33.19964184
81.5	31.15081762
81.52	28.08121566
81.54	34.71081415
81.56	40.3180664
81.58	34.69677014
81.6	34.18012818
81.62	25.50215098
81.64	29.0659961
81.66	31.10045143
81.68	22.42835701
81.7	30.06814334
81.72	22.41930487
81.74	26.49061437
81.76	25.9749415
81.78	24.95230425
81.8	29.01911658
81.82	23.92373266
81.84	25.95401555
81.86	22.89599233
81.88	33.5740317
81.9	21.36099535
81.92	27.4586145
81.94	28.97826714
81.96	23.89006772
81.98	33.54030255
82	24.38804939
82.02	25.39962692
82.04	18.79259247
82.06	23.86610108
82.08	18.78505571
82.1	24.36360039
82.12	22.83629878
82.14	26.38434109
82.16	20.79858018
82.18	24.85227268
82.2	23.3260989
82.22	27.88412407
82.24	22.80889231
82.26	23.31210988
82.28	26.85357733
82.3	20.26343365
82.32	19.24596258
82.34	20.76119607
82.36	16.20073843
82.38	20.75291368
82.4	20.2432266
82.42	19.22677692
82.44	22.25806829
82.46	14.16209382
82.48	21.74405777
82.5	26.28969443
82.52	22.24035019
82.54	20.21503017
82.56	24.25200058
82.58	21.72244279
82.6	23.23327462
82.62	21.20785463
82.64	19.68909798
82.66	26.24792982
82.68	23.21483222
82.7	28.25520578
82.72	21.18682453
82.74	24.2087148
82.76	20.17094057
82.78	30.24890602
82.8	30.74797394
82.82	25.19794704
82.84	21.16166465
82.86	35.26347316
82.88	27.19709543
82.9	31.22062686
82.92	30.71151127
82.94	37.24851148
82.96	40.7649287
82.98	45.28525829
83	50.30635594
83.02	69.91165172
83.04	57.32699326
83.06	58.82396329
83.08	58.308712
83.1	50.75885881
83.12	53.26166343
83.14	48.22808213
83.16	43.69824206
83.18	57.7496973
83.2	47.69656537
83.22	46.68426531
83.24	43.66389456
83.26	50.67906761
83.28	45.15175744
83.3	58.68531384
83.32	57.67035412
83.34	52.14342581
83.36	42.1086863
83.38	47.11171029
83.4	49.60837967
83.42	37.57511016
83.44	36.06360141
83.46	38.56097118
83.48	36.55117869
83.5	32.53881449
83.52	37.03687758
83.54	30.52502097
83.56	30.51905769
83.58	36.01427876
83.6	25.00553348
83.62	31.50019356
83.64	39.99294234
83.66	30.9885984
83.68	23.98610911
83.7	26.97911411
83.72	32.4690327
83.74	27.4690229
83.76	28.96163964
83.78	32.45007396
83.8	28.95037063
83.82	23.4549112
83.84	23.94878569
83.86	23.44579447
83.88	28.42813282
83.9	28.92225185
83.92	19.4432753
83.94	25.42088747
83.96	28.40606855
83.98	25.91027932
84	19.42819515
84.02	16.9351148
84.04	22.90742413
84.06	22.90298812
84.08	20.40919164
84.1	18.41503307
84.12	22.39111897
84.14	23.3822549
84.16	25.36678961
84.18	22.37813618
84.2	24.36359109
84.22	26.34678857
84.24	25.84519573
84.26	22.36085873
84.28	23.35066628
84.3	20.86208515
84.32	22.34792528
84.34	19.36446964
84.36	20.85002704
84.38	18.8611739
84.4	29.27854276
84.42	23.81484409
84.44	26.78654587
84.46	21.32691749
84.48	22.81038712
84.5	22.80600385
84.52	30.23661154
84.54	31.71751749
84.56	28.73857546
84.58	30.71408745
84.6	28.72754906
84.62	31.19700255
84.64	23.26998799
84.66	27.22602971
84.68	32.66378952
84.7	33.64765186
84.72	38.58936457
84.74	40.06584558
84.76	45.00295832
84.78	49.93818412
84.8	43.99658157
84.82	47.4488681
84.84	41.01487672
84.86	38.04271586
84.88	39.02386907
84.9	33.09002742
84.92	43.45292867
84.94	39.49472595
84.96	39.98176851
84.98	32.07732701
85	35.52449359
85.02	38.47901976
85.04	29.59247355
85.06	36.49093227
85.08	40.92117324
85.1	42.39217152
85.12	30.55612629
85.14	32.02853753
85.16	32.02245366
85.18	25.12015242
85.2	25.11538415
85.22	30.52712657
85.24	28.5527416
85.26	33.46861857
85.28	29.03350918
85.3	31.97995849
85.32	27.05540675
85.34	32.45916012
85.36	27.04516344
85.38	25.56518796
85.4	24.0857732
85.42	24.08121885
85.44	24.07666697
85.46	28.98410282
85.48	25.54103514
85.5	22.09779541
85.52	21.60314582
85.54	17.67156432
85.56	22.57705452
85.58	18.64677349
85.6	26.00224609
85.62	30.90192322
85.64	25.99244965
85.66	29.91062156
85.68	22.060336
85.7	29.89936444
85.72	30.87285084
85.74	36.74795289
85.76	27.43270655
85.78	35.26336562
85.8	33.29852372
85.82	35.25012179
85.84	29.86005979
85.86	31.32266076
85.88	25.93389188
85.9	26.41775762
85.92	26.90291013
85.94	26.40785673
85.96	28.3596593
85.98	31.2874565
86	28.34904178
86.02	28.8319169
86.04	26.38315102
86.06	24.42476425
86.08	23.93229303
86.1	30.27527131
86.12	30.75733983
86.14	19.03670278
86.16	22.45033184
86.18	27.81248948
86.2	24.3928578
86.22	22.43777153
86.24	23.40794495
86.26	31.69284004
86.28	26.32412712
86.3	24.85704639
86.32	31.18832474
86.34	29.72088654
86.36	24.84317359
86.38	29.7098331
86.4	20.93939172
86.42	33.59261356
86.44	27.74526543
86.46	31.63394967
86.48	27.24887301
86.5	31.6222094
86.52	29.67123914
86.54	30.63738014
86.56	40.35653722
86.58	35.48827178
86.6	46.17403408
86.62	41.7919583
86.64	52.959429
86.66	50.52030656
86.68	52.454644
86.7	54.38681088
86.72	57.77475939
86.74	53.88178789
86.76	52.90071272
86.78	43.18587725
86.8	48.9995808
86.82	34.43903831
86.84	41.2226191
86.86	38.30579131
86.88	43.14606385
86.9	43.13811391
86.92	38.76873954
86.94	52.81299044
86.96	49.89672086
86.98	42.13865396
87	35.83472947
87.02	38.73308564
87.04	39.69458739
87.06	35.33147758
87.08	54.1967248
87.1	43.5436169
87.12	40.14866581
87.14	44.01077702
87.16	37.71722556
87.18	41.09395482
87.2	39.63634768
87.22	35.76244397
87.24	34.78904793
87.26	28.02034571
87.28	26.08223364
87.3	32.83876751
87.32	31.86662293
87.34	31.37853968
87.36	33.30292603
87.38	40.05320436
87.4	38.59846419
87.42	28.94320059
87.44	33.27860536
87.46	36.64897208
87.48	24.58825631
87.5	30.36819019
87.52	27.95388433
87.54	28.91154539
87.56	31.31561771
87.58	27.45596527
87.6	24.08027794
87.62	32.26201905
87.64	27.92336448
87.66	24.06714049
87.68	29.83771433
87.7	25.50186857
87.72	30.30746404
87.74	32.22685705
87.76	30.29646099
87.78	31.25306255
87.8	27.40113917
87.82	33.16378576
87.84	32.19764083
87.86	32.67178681
87.88	35.54810919
87.9	34.10081351
87.92	32.65404284
87.94	29.28782662
87.96	30.24162056
87.98	26.87705994
88	24.47246117
88.02	33.58454293
88.04	23.9844207
88.06	29.25608397
88.08	24.45478787
88.1	34.998555
88.12	30.6782484
88.14	23.4840235
88.16	21.56219293
88.18	34.49329249
88.2	24.42834804
88.22	30.17076122
88.24	22.98310909
88.26	21.06453798
88.28	21.06074914
88.3	20.09937086
88.32	24.40199204
88.34	19.61424128
88.36	23.91540505
88.38	28.21502483
88.4	26.29793133
88.42	20.55672037
88.44	28.1998398
88.46	26.283783
88.48	23.41236827
88.5	24.36261454
88.52	24.35825081
88.54	19.57909448
88.56	20.05255434
88.58	31.02863959
88.6	29.11448306
88.62	19.08837924
88.64	21.94756934
88.66	20.9891406
88.68	17.64735938
88.7	19.55111042
88.72	29.08328965
88.74	25.7404252
88.76	21.4465283
88.78	25.73124515
88.8	28.1092332
88.82	28.10422469
88.84	26.19469558
88.86	23.33304101
88.88	29.51745597
88.9	38.55707248
88.92	32.83785527
88.94	30.92918698
88.96	31.87564871
88.98	26.16209832
89	28.53436389
89.02	30.90721428
89.04	34.22908017
89.06	26.14352522
89.08	25.66270236
89.1	26.60892914
89.12	24.22840394
89.14	28.9748866
89.16	34.66853563
89.18	34.66239708
89.2	42.25147192
89.22	34.65012966
89.24	35.59360006
89.26	46.49936169
89.28	33.68248917
89.3	39.84352609
89.32	46.00096488
89.34	41.25188422
89.36	49.77767478
89.38	44.08118083
89.4	54.49856225
89.42	43.11754306
89.44	45.47904292
89.46	48.78604812
89.48	57.30150489
89.5	50.18929118
89.52	47.81302561
89.54	46.85894267
89.56	41.64475161
89.58	42.58418596
89.6	39.26434398
89.62	41.62279566
89.64	44.92525921
89.66	48.22798272
89.68	42.07312799
89.7	45.84736643
89.72	37.33323361
89.74	42.5244153
89.76	40.62643704
89.78	40.14747864
89.8	42.50206588
89.82	29.74524521
89.84	39.65480114
89.86	34.45559398
89.88	31.61817351
89.9	34.4435436
89.92	31.60711933
89.94	31.60159659
89.96	27.35195431
89.98	29.2326542
90	28.75661858
90.02	28.279336
90.04	29.21735469
90.06	37.22241544
90.08	24.49688181
90.1	32.97049963
90.12	33.43519746
90.14	35.31363589
90.16	32.01131381
90.18	41.88972523
90.2	36.23543197
90.22	35.75909979
90.24	27.75526855
90.26	26.80929838
90.28	30.5671669
90.3	29.62103871
90.32	25.85608854
90.34	30.08171045
90.36	32.42520533
90.38	27.72156254
90.4	20.67024363
90.42	32.87897265
90.44	24.8895258
90.46	26.76284068
90.48	25.82026263
90.5	25.8157949
90.52	26.28014007
90.54	21.58407822
90.56	25.33234989
90.58	26.26651481
90.6	26.73046436
90.62	19.22432504
90.64	20.15906275
90.66	23.90434864
90.68	20.15210771
90.7	33.26759417
90.72	19.67575267
90.74	26.69820608
90.76	29.50346076
90.78	22.94412138
90.8	20.13128604
90.82	21.06302019
90.84	25.74019919
90.86	30.41436666
90.88	21.52091819
90.9	24.7909698
90.92	21.51352432
90.94	22.44406446
90.96	22.90865141
90.98	25.2409067
91	27.10688794
91.02	30.83941654
91.04	27.56431102
91.06	28.02622455
91.08	21.48402576
91.1	33.15347424
91.12	24.74425029
91.14	25.20633349
91.16	27.06977179
91.18	27.9974585
91.2	37.79150802
91.22	41.51583625
91.24	34.51296761
91.26	50.36239461
91.28	55.01559114
91.3	46.14988885
91.32	49.40401886
91.34	49.86111622
91.36	45.19400355
91.38	55.90082565
91.4	51.6995608
91.42	45.6361174
91.44	49.35354021
91.46	38.63791403
91.48	36.30511147
91.5	40.95200393
91.52	38.15339895
91.54	37.21606087
91.56	50.23391558
91.58	39.52907093
91.6	38.59198023
91.62	47.41906492
91.64	40.43901758
91.66	40.43216061
91.68	38.56580718
91.7	35.77188869
91.72	36.23124367
91.74	39.01154841
91.76	37.14670437
91.78	32.49838875
91.8	41.77677394
91.82	35.27195195
91.84	36.19448184
91.86	31.08461081
91.88	30.61457529
91.9	37.56748038
91.92	29.67776538
91.94	30.13591638
91.96	38.01154719
91.98	38.00513773
92	32.90100171
92.02	33.82254074
92.04	30.11052643
92.06	37.05276245
92.08	34.73207281
92.1	28.7063304
92.12	38.88666724
92.14	35.17692854
92.16	25.91526602
92.18	33.7770461
92.2	32.84569216
92.22	31.91465202
92.24	31.909295
92.26	35.14149716
92.28	39.75812427
92.3	37.90303638
92.32	41.5942924
92.34	48.97991611
92.36	47.12421955
92.38	52.65926333
92.4	57.73108351
92.42	54.94949855
92.44	62.78931822
92.46	52.1615075
92.48	38.7694861
92.5	44.7613692
92.52	53.05856724
92.54	56.74051921
92.56	51.19644672
92.58	35.9702898
92.6	60.8616868
92.62	47.94300775
92.64	60.38094709
92.66	56.22201197
92.68	69.11472613
92.7	54.82125034
92.72	58.95892698
92.74	58.02760482
92.76	72.75278046
92.78	57.54839349
92.8	52.47511264
92.82	46.0228613
92.84	48.31639166
92.86	37.72637796
92.88	37.72011582
92.9	41.39362775
92.92	43.68502991
92.94	48.73562071
92.96	42.29149104
92.98	42.2844834
93	45.4951282
93.02	42.73085458
93.04	37.67013467
93.06	33.98900484
93.08	42.24949927
93.1	37.19275118
93.12	36.72660842
93.14	38.55746191
93.16	41.30464422
93.18	25.23763557
93.2	37.16204415
93.22	41.28419401
93.24	38.98381409
93.26	29.80599364
93.28	42.63918868
93.3	38.50660274
93.32	38.95812179
93.34	40.7842271
93.36	37.57078795
93.38	46.26792956
93.4	50.38248494
93.42	49.00037124
93.44	48.07749701
93.46	51.27368766
93.48	57.2165074
93.5	55.37562817
93.52	45.75762883
93.54	52.155467
93.56	53.06083128
93.58	55.79618298
93.6	48.01441198
93.62	54.40631992
93.64	45.7126379
93.66	43.4194839
93.68	40.21406077
93.7	51.62934395
93.72	43.8559054
93.74	38.82410055
93.76	41.5577669
93.78	44.29054108
93.8	49.30547791
93.82	44.27607593
93.84	32.85867428
93.86	47.4552414
93.88	45.62307078
93.9	40.59755644
93.92	42.41614264
93.94	39.21632961
93.96	36.01892805
93.98	41.02786926
94	50.13579602
94.02	41.9250084
94.04	53.30978873
94.06	56.03444133
94.08	48.28172799
94.1	53.73874768
94.12	62.83710284
94.14	71.476337
94.16	54.16730341
94.18	68.72248116
94.2	56.88131039
94.22	54.14094967
94.24	51.40284371
94.26	46.84682276
94.28	63.20991158
94.3	52.28765938
94.32	53.64297745
94.34	44.08937267
94.36	43.17289341
94.38	50.8907123
94.4	50.8824866
94.42	46.78622753
94.44	45.86991034
94.46	49.04197003
94.48	47.67203502
94.5	42.67062442
94.52	45.38690147
94.54	34.94203412
94.56	37.65868377
94.58	38.56035064
94.6	41.72865827
94.62	36.28000646
94.64	33.55363843
94.66	35.36254019
94.68	35.8096746
94.7	33.08470086
94.72	33.07938311
94.74	33.07406807
94.76	28.08547608
94.78	35.7809152
94.8	32.60439475
94.82	37.58004386
94.84	32.14169381
94.86	33.0422348
94.88	36.20432503
94.9	31.67421768
94.92	44.33598789
94.94	30.75895948
94.96	45.22676338
94.98	37.531909
95	32.55220092
95.02	34.80765628
95.04	25.76225365
95.06	26.21093837
95.08	32.98412649
95.1	33.43016115
95.12	33.87740947
95.14	26.19420541
95.16	33.86660172
95.18	32.95782124
95.2	25.27844133
95.22	37.00920472
95.24	34.29581688
95.26	38.80167544
95.28	35.63821427
95.3	32.02382542
95.32	34.27399149
95.34	31.56320207
95.36	34.713463
95.38	27.04480274
95.4	28.8441091
95.42	36.95039365
95.44	35.59293287
95.46	25.67625228
95.48	27.92457588
95.5	28.82123418
95.52	27.46592717
95.54	26.56077533
95.56	29.25719076
95.58	29.25255854
95.6	30.14830107
95.62	35.09277121
95.64	24.7409372
95.66	27.43551199
95.68	31.92749276
95.7	20.68275758
95.72	30.11971769
95.74	22.02461689
95.76	24.26720546
95.78	24.26337675
95.8	24.70969941
95.82	22.01072304
95.84	20.20991857
95.86	28.73936486
95.88	35.02083698
95.9	25.13868848
95.92	30.07227216
95.94	26.92535225
95.96	22.88294992
95.98	23.32886422
96	25.56702186
96.02	20.63069047
96.04	20.62745032
96.06	24.65920825
96.08	30.48230332
96.1	21.51322783
96.12	28.23168313
96.14	25.53894678
96.16	23.74346627
96.18	24.63601689
96.2	27.76659868
96.22	29.10556464
96.24	32.68306479
96.26	30.88653263
96.28	26.85365403
96.3	34.45724902
96.32	33.55791672
96.34	38.47264127
96.36	36.67795517
96.38	43.82716413
96.4	35.3250809
96.42	31.74254798
96.44	38.44262934
96.46	42.01254248
96.48	45.58134406
96.5	41.10541766
96.52	38.86629157
96.54	35.73276924
96.56	34.83493236
96.58	33.48996785
96.6	37.50276997
96.62	35.71054211
96.64	30.34931045
96.66	29.00588308
96.68	28.55565645
96.7	34.35006322
96.72	30.77604883
96.74	29.43339286
96.76	36.56398146
96.78	33.43800338
96.8	32.98617677
96.82	35.20993262
96.84	31.63911389
96.86	39.65404495
96.88	31.18428867
96.9	32.51568902
96.92	28.05637677
96.94	31.1698233
96.96	31.16500639
96.98	24.48319871
97	28.48499505
97.02	25.81062509
97.04	29.81098284
97.06	25.35691306
97.08	31.58050081
97.1	32.46551907
97.12	30.23680927
97.14	31.12176374
97.16	32.89458846
97.18	32.00018613
97.2	31.55132747
97.22	24.43795376
97.24	31.09782498
97.26	29.76052351
97.28	34.64155373
97.3	27.53074926
97.32	32.41062448
97.34	30.62915802
97.36	25.74318557
97.38	34.17032092
97.4	28.84072197
97.42	33.27347391
97.44	29.71944683
97.46	30.60099259
97.48	32.37089243
97.5	35.91323541
97.52	29.25707482
97.54	28.36704344
97.56	32.35108655
97.58	31.45952687
97.6	28.79661174
97.62	27.90586939
97.64	29.67402462
97.66	23.91201352
97.68	32.32145264
97.7	31.43071978
97.72	23.45890284
97.74	28.32376441
97.76	34.95661184
97.78	31.85353121
97.8	34.50406464
97.82	26.9796875
97.84	19.45760126
97.86	26.97147896
97.88	25.6411568
97.9	27.40484316
97.92	21.65590998
97.94	30.0477501
97.96	26.95099381
97.98	26.94690298
98	24.29278822
98.02	21.19699223
98.04	25.16761159
98.06	30.90379133
98.08	24.71902218
98.1	30.01131449
98.12	23.38772718
98.14	28.23785871
98.16	23.82134388
98.18	24.70032043
98.2	20.28700089
98.22	22.92955014
98.24	26.45215833
98.26	24.68539292
98.28	20.27474487
98.3	16.74588694
98.32	28.63964536
98.34	20.26556904
98.36	21.58392434
98.38	20.69942301
98.4	22.01731686
98.42	24.65562798
98.44	19.80922145
98.46	24.64820546
98.48	25.08412937
98.5	24.20122416
98.52	24.63708568
98.54	25.95300476
98.56	21.11077887
98.58	20.66830614
98.6	27.2603403
98.62	24.17941977
98.64	29.00989561
98.66	17.57999699
98.68	19.77354279
98.7	26.36077237
98.72	24.60014076
98.74	24.59645648
98.76	21.0791442
98.78	22.8332001
98.8	21.5127318
98.82	26.33710599
98.84	21.94474599
98.86	24.13600793
98.88	28.9578295
98.9	26.76093486
98.92	25.87925312
98.94	19.29701321
98.96	23.24057216
98.98	27.62094474
99	26.74097906
99.02	26.73699391
99.04	24.97920746
99.06	25.41453027
99.08	24.9717694
99.1	29.34928945
99.12	25.4031856
99.14	21.89572414
99.16	28.89748131
99.18	21.01322687
99.2	26.70121752
99.22	24.50858707
99.24	20.56672377
99.26	24.50131233
99.28	24.06066442
99.3	26.24315089
99.32	23.61533456
99.34	20.11465994
99.36	25.79473169
99.38	18.35932106
99.4	21.41691134
99.42	21.41374212
99.44	18.35117196
99.46	20.53323547
99.48	25.77184196
99.5	28.38846729
99.52	23.14418084
99.54	25.32424958
99.56	28.81200225
99.58	22.26053469
99.6	22.69454062
99.62	14.83685215
99.64	20.50597309
99.66	19.19428034
99.68	22.24413322
99.7	21.36953954
99.72	21.36639408
99.74	22.23431206
99.76	18.30791663
99.78	25.71491812
99.8	23.96847569
99.82	24.40022879
99.84	25.26837368
99.86	26.13495763
99.88	21.34128702
99.9	34.40179946
99.92	26.55971703
99.94	29.16778531
99.96	31.77508987
99.98	24.37160748
100	35.24730222
