5.0000 0.0100 70.0000
     0.000
     0.588
     0.941
     0.000
     0.000
     0.235
     1.059
     0.000
     0.000
     0.000
     0.824
     0.000
     0.000
     0.941
     1.765
     0.118
     0.000
     0.471
     1.647
     0.000
     0.000
     0.588
     0.941
     0.000
     0.118
     0.235
     1.294
     0.118
     0.000
     0.471
     1.529
     0.000
     0.000
     1.059
     1.059
     0.000
     0.000
     0.118
     1.647
     0.000
     0.000
     0.353
     1.059
     0.000
     0.000
     0.588
     1.294
     0.000
     0.000
     0.235
     1.294
     0.000
     0.000
     0.118
     1.294
     0.000
     0.000
     0.118
     0.588
     0.118
     0.000
     0.941
     1.765
     0.118
     0.000
     0.235
     2.235
     0.000
     0.000
     0.471
     1.765
     0.000
     0.000
     0.353
     0.941
     0.000
     0.000
     0.118
     0.824
     0.000
     0.000
     0.353
     2.353
     0.000
     0.000
     0.353
     1.294
     0.000
     0.000
     0.353
     1.412
     0.000
     0.000
     0.471
     1.412
     0.000
     0.000
     0.471
     0.706
     0.000
     0.118
     0.471
     1.059
     0.000
     0.118
     0.706
     1.765
     0.000
     0.000
     0.471
     1.647
     0.000
     0.000
     0.588
     1.059
     0.000
     0.000
     0.235
     1.765
     0.000
     0.000
     0.353
     2.000
     0.000
     0.000
     0.588
     1.765
     0.000
     0.000
     0.706
     1.765
     0.000
     0.000
     0.471
     1.176
     0.000
     0.000
     0.353
     1.294
     0.000
     0.000
     0.235
     2.235
     0.000
     0.000
     0.588
     1.176
     0.000
     0.118
     0.118
     1.765
     0.000
     0.000
     0.706
     0.588
     0.000
     0.000
     0.235
     1.647
     0.000
     0.000
     0.235
     1.529
     0.000
     0.000
     0.941
     1.529
     0.118
     0.000
     0.471
     0.706
     0.000
     0.000
     0.471
     1.176
     0.118
     0.000
     0.471
     1.059
     0.000
     0.000
     0.235
     1.529
     0.000
     0.000
     0.824
     0.588
     0.000
     0.000
     0.588
     1.176
     0.000
     0.000
     0.235
     0.824
     0.000
     0.000
     0.471
     2.118
     0.000
     0.000
     0.118
     1.765
     0.000
     0.000
     0.471
     1.294
     0.118
     0.000
     0.235
     0.706
     0.000
     0.000
     0.235
     1.176
     0.118
     0.000
     0.118
     2.000
     0.000
     0.000
     0.471
     1.529
     0.000
     0.000
     0.471
     1.294
     0.000
     0.000
     0.588
     1.882
     0.000
     0.000
     0.471
     0.941
     0.000
     0.000
     0.471
     2.000
     0.000
     0.000
     0.353
     1.412
     0.000
     0.000
     0.353
     1.529
     0.000
     0.000
     0.588
     1.294
     0.000
     0.000
     0.706
     1.412
     0.000
     0.000
     0.941
     1.765
     0.000
     0.000
     1.059
     1.647
     0.000
     0.000
     0.588
     1.882
     0.000
     0.000
     0.588
     2.588
     0.000
     0.000
     0.588
     1.647
     0.000
     0.000
     0.941
     3.059
     0.000
     0.000
     0.588
     1.765
     0.000
     0.000
     0.824
     2.353
     0.000
     0.000
     0.824
     2.706
     0.235
     0.000
     1.529
     1.765
     0.235
     0.000
     0.588
     1.765
     0.353
     0.000
     1.176
     3.177
     0.118
     0.118
     1.176
     2.000
     0.235
     0.824
     1.882
     3.765
     0.353
     0.471
     1.059
     3.294
     0.706
     0.235
     1.294
     4.118
     0.824
     0.471
     1.647
     3.765
     0.941
     1.529
     1.647
     3.412
     1.529
     0.471
     1.176
     2.588
     1.765
     0.824
     1.647
     4.235
     2.000
     1.882
     2.824
     3.529
     1.059
     0.941
     2.353
     2.941
     2.000
     1.059
     2.235
     3.294
     1.412
     0.941
     2.000
     5.059
     1.529
     2.118
     2.353
     4.118
     2.235
     2.353
     3.529
     4.118
     1.882
     1.529
     2.706
     4.000
     2.941
     2.588
     3.059
     4.118
     2.353
     2.471
     3.177
     4.471
     1.647
     2.471
     4.118
     3.882
     2.588
     3.294
     4.118
     5.530
     2.588
     3.294
     4.235
     4.706
     3.765
     3.882
     3.412
     5.530
     3.294
     3.059
     3.294
     5.059
     4.118
     3.294
     4.235
     5.647
     4.353
     5.294
     6.118
     5.294
     4.471
     4.000
     5.177
     5.177
     3.294
     3.647
     4.706
     6.235
     4.471
     3.882
     5.294
     5.647
     6.471
     4.824
     5.177
     5.294
     5.059
     5.647
     5.412
     4.471
     5.412
     5.059
     6.588
     7.294
     5.412
     5.294
     6.706
     5.412
     5.765
     4.588
     5.647
     7.412
     5.882
     5.647
     6.588
     6.118
     5.177
     5.294
     6.000
     4.588
     4.353
     6.824
     5.530
     6.235
     5.412
     6.353
     4.824
     7.647
     5.177
     6.353
     7.647
     6.000
     6.471
     9.647
     8.353
     7.647
     6.118
     6.824
     6.118
     5.882
     7.647
     7.177
     6.941
     7.177
     7.059
     8.588
     7.412
     7.765
     5.765
     8.118
     6.941
     8.235
     7.177
     7.647
     8.353
    10.235
     6.941
     6.588
     7.177
     7.294
     6.000
     9.059
     9.765
     5.765
     6.941
     7.294
     8.588
     8.941
     6.824
     9.177
    11.294
     6.706
     7.530
     8.000
     6.941
     6.471
     8.118
    11.177
    10.471
     8.588
     6.706
     8.824
     7.412
     8.118
     7.412
    10.824
     8.353
     7.294
     8.706
     9.765
     8.824
     9.412
     7.647
    11.883
    10.941
     8.941
     6.471
     9.059
     9.530
     9.647
     9.647
    10.941
    11.177
     9.765
     8.118
     9.883
     8.471
     8.353
     9.765
    11.647
    10.118
    10.588
     9.059
     9.765
    11.647
    10.824
     9.412
    11.765
    11.765
     9.883
    11.883
     8.824
    11.412
     8.471
     9.177
    12.000
    11.647
     7.765
     9.530
    10.471
    10.000
    11.177
    10.588
    12.941
    10.706
    12.000
    10.353
    11.059
    12.236
    11.530
    11.412
    11.883
    11.530
     9.765
     9.883
    10.471
    11.883
    12.236
     9.412
    14.353
    10.941
    11.059
    10.706
    10.588
    13.294
     9.294
    10.353
    14.824
    13.530
     8.941
     9.647
    10.824
    14.824
    11.765
    11.412
    13.647
    12.118
    11.412
    10.471
    12.118
    10.941
    10.353
    11.647
    13.177
    14.236
    12.000
    12.588
    12.471
    13.294
    11.883
    11.765
    14.589
    14.824
    12.471
    10.118
    10.941
    14.118
    10.353
    11.177
    13.530
    11.412
    12.118
    12.000
    13.412
    12.000
    10.471
    11.530
    14.824
    12.118
    13.883
    10.824
    14.706
    14.353
    12.353
    14.353
    16.471
    14.000
    12.118
    12.471
    14.118
    12.000
    10.235
    17.765
    15.883
    13.412
    14.000
    14.706
    14.000
    14.000
    13.883
    13.530
    16.000
    17.647
    11.177
    12.588
    12.588
    13.059
    11.883
    14.706
    18.706
    15.412
    13.765
    14.118
    13.177
    15.059
    16.353
    14.706
    17.177
    12.941
    14.706
    13.059
    14.353
    14.941
    13.530
    16.236
    17.059
    15.059
    11.294
    15.530
    13.647
    14.118
    13.647
    15.883
    17.647
    16.471
    12.824
    14.824
    14.589
    15.647
    12.941
    14.706
    15.177
    15.765
    15.647
    12.941
    14.471
    16.471
    16.236
    16.942
    16.353
    15.059
    16.942
    15.412
    17.412
    15.412
    15.647
    14.824
    17.059
    14.941
    14.000
    12.353
    14.471
    16.942
    16.000
    15.059
    18.000
    16.824
    15.294
    17.647
    17.412
    13.177
    14.941
    16.353
    17.294
    16.000
    16.589
    15.294
    16.118
    15.765
    14.118
    13.177
    18.000
    16.589
    17.765
    18.118
    14.706
    15.647
    15.647
    16.118
    19.059
    17.177
    15.294
    16.589
    17.294
    14.706
    15.294
    16.824
    18.589
    17.294
    18.118
    16.706
    16.471
    19.412
    14.941
    16.589
    17.765
    15.883
    15.059
    15.530
    18.118
    17.883
    16.589
    17.530
    19.412
    19.177
    18.353
    17.412
    14.589
    18.706
    16.236
    17.765
    17.530
    16.236
    17.412
    17.177
    17.647
    18.471
    16.706
    18.942
    20.589
    18.589
    15.059
    21.530
    16.942
    18.471
    17.765
    19.530
    20.118
    15.883
    14.000
    16.353
    18.824
    19.647
    18.353
    16.942
    18.471
    16.942
    17.412
    19.647
    19.059
    18.471
    17.059
    19.765
    21.412
    18.942
    17.883
    18.353
    18.589
    21.295
    20.471
    20.706
    21.412
    20.353
    17.177
    19.412
    17.647
    18.824
    19.647
    16.589
    21.059
    20.589
    18.824
    20.236
    18.236
    17.765
    18.589
    21.765
    23.412
    18.589
    16.000
    19.295
    20.589
    16.706
    20.471
    17.647
    21.530
    20.824
    19.647
    17.647
    18.824
    21.295
    19.412
    18.706
    22.353
    17.059
    21.177
    16.589
    20.118
    19.883
    20.471
    18.471
    23.295
    21.059
    19.059
    19.412
    20.942
    22.353
    22.353
    23.648
    24.824
    18.589
    23.177
    22.236
    19.765
    19.765
    18.236
    23.059
    24.471
    22.353
    23.412
    20.589
    20.118
    19.883
    20.353
    23.530
    22.353
    21.647
    19.412
    19.883
    19.412
    23.177
    22.000
    24.824
    23.530
    20.824
    20.118
    23.295
    18.942
    19.765
    20.589
    20.589
    23.177
    19.883
    20.236
    22.000
    23.059
    22.824
    20.118
    23.059
    21.883
    23.059
    22.118
    23.295
    21.765
    20.589
    22.236
    21.059
    23.295
    22.589
    22.824
    22.824
    20.589
    22.942
    21.059
    27.883
    22.118
    22.942
    22.471
    22.000
    22.353
    26.001
    23.059
    23.059
    26.001
    26.353
    22.471
    23.412
    23.883
    27.883
    21.765
    21.883
    23.883
    27.177
    21.295
    24.353
    23.765
    20.706
    21.647
    24.589
    23.412
    24.706
    22.471
    22.706
    19.765
    24.589
    23.295
    25.295
    25.883
    22.236
    22.000
    24.353
    21.412
    24.353
    24.824
    25.883
    25.295
    21.765
    24.236
    21.883
    24.471
    23.530
    22.000
    25.883
    25.883
    25.177
    25.530
    25.295
    27.177
    24.942
    23.412
    25.177
    25.177
    24.589
    26.236
    28.236
    22.353
    27.177
    24.706
    23.648
    26.236
    23.412
    22.118
    26.118
    24.589
    26.236
    22.706
    26.118
    29.648
    27.765
    26.001
    29.883
    30.236
    26.118
    24.824
    27.412
    29.883
    24.000
    23.412
    24.706
    26.353
    22.353
    25.412
    28.589
    29.648
    24.824
    25.765
    27.059
    22.824
    25.177
    26.353
    25.765
    28.118
    28.471
    21.177
    25.412
    28.824
    24.706
    26.118
    29.295
    27.295
    25.530
    24.236
    28.471
    27.530
    25.883
    27.648
    28.001
    26.706
    28.589
    25.765
    29.648
    28.706
    30.118
    24.471
    28.942
    29.883
    23.177
    26.118
    30.118
    29.295
    27.412
    28.001
    30.942
    30.589
    27.059
    26.824
    25.883
    25.530
    29.059
    24.000
    26.706
    30.824
    26.118
    28.471
    27.648
    25.883
    25.412
    28.236
    28.824
    31.648
    26.589
    26.118
    29.765
    28.471
    28.589
    26.118
    26.824
    31.530
    29.530
    27.295
    29.883
    29.059
    28.236
    25.530
    29.295
    28.354
    25.530
    29.530
    27.883
    29.059
    28.706
    28.824
    31.412
    30.824
    29.530
    29.177
    33.059
    29.883
    28.236
    26.471
    26.942
    33.648
    31.059
    25.530
    28.942
    31.177
    30.236
    29.765
    31.177
    32.942
    29.530
    30.589
    29.530
    30.354
    29.883
    31.177
    30.589
    32.354
    28.589
    29.177
    31.883
    27.295
    28.471
    29.177
    30.589
    31.883
    28.824
    30.589
    31.648
    33.412
    29.059
    30.824
    30.236
    34.589
    28.354
    31.177
    28.471
    34.001
    28.706
    30.942
    28.118
    29.530
    32.001
    27.648
    31.648
    30.589
    33.530
    29.530
    32.471
    32.236
    28.942
    30.706
    28.589
    30.942
    26.942
    30.471
    33.177
    31.648
    31.412
    29.765
    31.059
    30.471
    31.059
    29.295
    33.059
    30.824
    37.060
    31.648
    30.942
    33.530
    32.707
    33.295
    34.354
    36.707
    32.118
    30.471
    35.177
    32.354
    35.648
    35.060
    30.471
    33.295
    28.236
    35.765
    32.589
    34.471
    32.118
    30.942
    34.824
    35.765
    33.530
    31.412
    34.118
    32.471
    32.471
    32.236
    31.412
    33.648
    30.589
    31.059
    36.354
    33.059
    31.648
    33.765
    33.059
    35.530
    34.354
    30.824
    35.883
    34.118
    31.295
    32.236
    34.354
    37.060
    33.059
    33.765
    36.118
    36.942
    33.530
    34.354
    38.707
    34.471
    27.059
    33.765
    35.060
    37.413
    35.648
    30.471
    33.059
    41.177
    34.354
    33.177
    38.354
    37.413
    30.354
    34.589
    33.059
    35.883
    33.883
    33.883
    37.648
    35.295
    38.471
    31.177
    36.707
    41.530
    34.354
    36.118
    32.001
    34.471
    34.824
    42.942
    34.824
    38.471
    32.354
    42.707
    32.942
    38.354
    35.765
    33.177
    34.236
    37.177
    36.354
    35.412
    36.824
    34.236
    39.295
    36.118
    38.707
    40.707
    37.648
    36.354
    40.942
    38.118
    39.177
    35.883
    39.766
    39.413
    33.648
    36.589
    30.118
    37.648
    38.471
    40.589
    41.883
    38.236
    38.001
    40.589
    36.471
    36.471
    33.530
    39.766
    35.530
    37.060
    38.118
    34.118
    37.765
    34.236
    38.942
    39.766
    36.236
    37.530
    36.824
    37.177
    38.707
    40.471
    37.413
    36.354
    36.707
    37.413
    34.118
    38.471
    41.060
    39.060
    38.589
    37.530
    39.530
    43.177
    37.648
    38.236
    40.471
    36.707
    41.530
    42.942
    41.295
    37.413
    40.236
    35.295
    33.412
    41.766
    36.942
    39.766
    41.766
    42.354
    35.765
    39.295
    40.589
    44.236
    39.177
    39.648
    41.648
    44.354
    38.471
    37.177
    38.118
    40.471
    35.060
    41.883
    36.942
    38.707
    40.236
    35.883
    41.295
    38.354
    41.766
    39.177
    41.177
    40.118
    37.060
    40.942
    40.471
    44.471
    36.942
    37.413
    38.707
    44.001
    39.295
    40.001
    38.001
    42.824
    40.236
    39.766
    44.119
    45.413
    38.589
    37.883
    43.060
    38.471
    38.354
    38.354
    40.001
    41.648
    36.118
    38.707
    41.177
    42.471
    42.942
    39.295
    40.354
    44.942
    39.295
    37.177
    43.413
    45.648
    38.354
    44.354
    41.530
    44.707
    41.060
    39.177
    42.354
    46.472
    41.648
    42.118
    41.766
    46.119
    37.060
    42.001
    42.942
    43.530
    39.530
    45.766
    42.824
    47.177
    40.001
    37.413
    44.942
    43.413
    43.295
    39.530
    42.118
    42.118
    40.001
    42.471
    43.295
    42.707
    42.236
    46.472
    46.824
    39.177
    40.589
    41.530
    48.119
    45.295
    39.413
    43.177
    43.883
    45.413
    39.766
    42.942
    41.883
    48.236
    38.824
    44.471
    42.118
    44.354
    41.766
    42.236
    42.236
    47.648
    46.119
    43.177
    49.413
    45.766
    42.118
    42.471
    43.413
    44.707
    41.413
    44.589
    45.530
    48.236
    42.001
    42.001
    47.766
    44.471
    42.589
    50.001
    43.295
    47.177
    43.413
    39.648
    46.824
    46.236
    42.236
    43.177
    45.060
    47.648
    43.413
    43.060
    44.824
    45.177
    46.354
    38.824
    46.472
    45.648
    43.766
    44.471
    47.060
    48.589
    43.060
    44.707
    42.824
    47.413
    43.177
    41.295
    45.060
    41.413
    42.824
    46.001
    42.354
    44.471
    42.589
    45.060
    47.413
    43.413
    44.942
    40.942
    44.236
    48.707
    42.824
    48.354
    46.236
    44.942
    44.001
    45.177
    43.530
    48.472
    42.001
    46.707
    46.354
    43.060
    43.530
    46.119
    43.413
    45.648
    41.883
    43.883
    43.648
    43.648
    46.472
    42.471
    44.942
    43.883
    43.060
    42.354
    46.236
    47.177
    42.589
    44.824
    46.001
    45.883
    42.001
    38.471
    42.942
    44.824
    44.001
    41.177
    44.354
    45.883
    44.589
    42.707
    43.766
    43.413
    45.648
    41.413
    44.824
    48.472
    42.118
    41.530
    46.472
    46.354
    43.413
    41.413
    46.589
    51.648
    47.177
    45.413
    44.471
    42.589
    44.236
    45.766
    44.001
    47.295
    44.236
    45.530
    49.295
    43.766
    41.295
    45.060
    50.825
    47.648
    40.354
    44.119
    44.942
    42.707
    43.530
    47.413
    49.530
    50.236
    46.942
    43.295
    44.471
    52.589
    43.295
    45.648
    45.883
    50.001
    45.648
    43.060
    47.766
    46.472
    44.354
    39.883
    48.589
    42.118
    41.177
    44.707
    49.060
    48.354
    44.354
    46.001
    42.942
    45.530
    43.060
    42.471
    46.472
    47.883
    44.354
    46.354
    44.589
    48.707
    43.060
    44.824
    46.824
    51.295
    45.883
    41.648
    47.413
    54.472
    46.119
    44.589
    47.648
    45.648
    42.707
    43.530
    44.119
    47.413
    46.942
    45.766
    48.707
    51.060
    44.001
    42.589
    50.707
    45.060
    46.472
    48.942
    52.825
    45.883
    43.295
    48.236
    46.236
    52.354
    47.060
    43.413
    47.766
    44.236
    44.119
    44.589
    45.530
    51.060
    42.707
    45.295
    44.824
    52.589
    45.177
    42.824
    50.236
    52.825
    51.530
    41.648
    44.236
    48.942
    47.177
    45.530
    53.060
    50.354
    46.119
    43.766
    51.766
    44.707
    49.648
    44.707
    52.119
    50.472
    43.883
    43.883
    49.177
    51.883
    44.001
    45.648
    44.236
    50.707
    47.648
    44.707
    44.707
    48.707
    47.295
    45.413
    50.707
    54.942
    43.766
    44.119
    47.883
    50.001
    46.001
    42.942
    46.236
    51.883
    42.707
    41.295
    49.413
    51.766
    45.295
    44.589
    48.825
    51.413
    42.942
    48.589
    46.942
    47.295
    43.883
    44.589
    50.236
    47.766
    45.530
    46.589
    49.883
    50.472
    49.060
    46.472
    48.942
    54.589
    47.060
    40.589
    48.589
    52.354
    47.766
    40.471
    49.295
    51.530
    48.236
    43.177
    52.119
    45.530
    46.589
    44.236
    44.942
    50.825
    47.883
    46.119
    50.119
    45.766
    48.825
    43.883
    51.530
    50.472
    47.413
    48.001
    45.530
    51.530
    51.413
    46.001
    51.060
    54.236
    50.119
    46.472
    54.825
    49.413
    43.177
    45.295
    46.824
    52.001
    47.295
    46.236
    51.883
    50.001
    41.648
    49.883
    53.295
    52.001
    51.530
    40.824
    50.236
    52.472
    50.942
    42.707
    48.119
    52.942
    45.883
    46.589
    49.413
    48.942
    43.060
    46.119
    47.648
    47.883
    46.001
    44.589
    49.766
    52.472
    46.707
    44.354
    50.354
    52.472
    42.236
    47.177
    49.060
    48.942
    44.707
    46.354
    52.825
    53.295
    47.530
    45.648
    53.413
    54.707
    44.824
    49.648
    50.707
    59.766
    47.530
    45.883
    48.001
    52.942
    46.354
    44.824
    56.942
    57.766
    48.354
    43.766
    51.060
    52.001
    51.413
    46.001
    51.413
    53.766
    46.589
    50.589
    52.119
    52.942
    51.295
    48.236
    56.001
    52.825
    47.413
    45.060
    50.589
    56.354
    46.942
    45.060
    55.883
    63.413
    50.354
    47.177
    54.354
    52.942
    46.707
    45.648
    54.707
    54.119
    49.060
    45.413
    57.060
    53.413
    50.236
    45.060
    50.236
    51.413
    48.236
    48.942
    53.178
    55.648
    49.766
    44.942
    48.942
    52.472
    51.060
    47.530
    53.648
    55.766
    50.825
    48.472
    55.295
    52.942
    50.472
    44.001
    52.119
    57.413
    49.766
    45.530
    50.942
    51.060
    52.825
    51.648
    53.766
    58.707
    53.766
    47.295
    57.766
    58.589
    53.295
    46.942
    57.884
    54.825
    48.354
    51.295
    47.413
    54.942
    50.707
    47.530
    54.001
    56.119
    46.824
    46.354
    54.942
    59.295
    51.648
    47.530
    51.766
    57.766
    50.589
    49.766
    52.236
    55.766
    49.177
    50.942
    55.178
    56.707
    48.472
    42.824
    55.295
    56.942
    50.001
    48.825
    56.472
    54.589
    50.354
    50.354
    51.766
    54.119
    47.648
    49.883
    56.354
    56.236
    55.413
    49.413
    55.766
    56.472
    50.119
    51.766
    48.825
    56.825
    52.707
    50.001
    55.531
    53.413
    52.354
    53.060
    53.530
    57.531
    51.648
    47.530
    47.530
    60.001
    49.413
    52.236
    57.531
    59.060
    54.589
    50.589
    56.119
    58.354
    50.589
    52.001
    55.883
    56.707
    51.060
    50.825
    54.825
    54.825
    50.942
    47.648
    61.766
    63.178
    51.177
    53.530
    56.236
    57.060
    52.942
    49.883
    56.236
    58.119
    53.060
    49.295
    56.589
    57.648
    50.942
    49.648
    57.178
    57.531
    50.236
    49.295
    57.531
    59.413
    54.119
    50.589
    56.236
    54.707
    50.589
    49.883
    57.060
    60.825
    53.413
    47.413
    60.472
    55.648
    54.589
    53.413
    59.531
    60.001
    55.883
    53.648
    60.825
    66.001
    57.178
    55.060
    60.472
    64.119
    61.648
    59.413
    62.119
    65.060
    58.119
    55.413
    59.060
    62.472
    55.295
    48.589
    63.531
    59.413
    54.001
    49.413
    56.707
    54.472
    60.589
    51.413
    60.825
    56.001
    52.825
    49.413
    55.648
    61.531
    54.942
    50.589
    56.472
    60.589
    52.942
    48.236
    61.060
    66.707
    54.942
    53.766
    61.178
    59.884
    52.942
    53.178
    59.884
    66.001
    54.236
    54.707
    61.531
    58.354
    49.648
    52.942
    58.707
    60.825
    56.942
    53.178
    65.531
    63.178
    58.119
    53.413
    55.178
    58.825
    58.001
    54.354
    60.472
    60.001
    57.531
    59.178
    60.354
    63.060
    55.766
    56.236
    57.766
    61.648
    58.589
    56.119
    56.472
    66.707
    59.413
    52.236
    54.472
    59.413
    56.001
    53.413
    56.354
    57.413
    59.884
    55.413
    58.589
    59.178
    57.178
    47.413
    63.413
    54.825
    49.295
    51.060
    62.942
    63.178
    60.589
    53.648
    56.472
    60.707
    59.884
    50.472
    60.942
    59.884
    58.825
    44.942
    58.589
    61.648
    58.001
    54.472
    58.942
    62.119
    58.589
    51.295
    60.237
    65.178
    52.472
    54.825
    62.589
    56.707
    57.295
    52.119
    53.648
    65.531
    56.472
    56.354
    58.707
    63.884
    55.648
    51.295
    60.942
    67.295
    58.472
    50.001
    62.589
    62.001
    55.766
    54.001
    60.237
    64.590
    58.825
    58.825
    62.825
    62.589
    55.766
    54.472
    62.119
    66.472
    57.413
    56.589
    68.472
    62.707
    57.413
    52.825
    60.942
    69.296
    60.001
    52.472
    60.119
    56.472
    59.413
    58.119
    59.648
    61.884
    62.472
    59.766
    65.295
    63.295
    55.648
    51.530
    65.884
    66.707
    58.236
    54.825
    63.295
    66.472
    57.884
    53.060
    62.942
    62.942
    62.589
    54.942
    63.531
    62.942
    57.060
    59.178
    61.766
    70.472
    62.589
    53.178
    61.295
    62.472
    57.884
    56.354
    62.354
    66.237
    55.060
    56.236
    55.766
    60.825
    57.413
    52.707
    56.942
    65.531
    58.825
    58.354
    59.766
    62.942
    57.178
    56.354
    61.766
    67.766
    58.354
    57.413
    63.295
    60.942
    59.648
    55.413
    60.942
    63.531
    58.354
    54.707
    64.472
    73.766
    58.589
    51.177
    61.178
    69.413
    57.178
    58.707
    63.766
    65.531
    62.589
    56.236
    60.237
    69.060
    62.589
    56.942
    60.001
    62.001
    58.707
    57.295
    61.648
    65.531
    65.648
    58.354
    64.354
    65.766
    56.354
    58.001
    59.413
    69.296
    59.178
    58.942
    63.413
    65.766
    57.766
    56.001
    64.001
    66.825
    58.119
    59.884
    66.001
    64.942
    61.648
    62.354
    64.119
    65.531
    59.178
    59.531
    58.825
    72.825
    59.060
    56.119
    57.884
    68.001
    58.236
    55.178
    67.178
    66.001
    60.825
    56.472
    62.472
    64.825
    63.060
    51.177
    67.178
    66.707
    62.942
    56.236
    69.531
    67.648
    60.942
    58.354
    64.825
    59.178
    55.648
    55.060
    61.413
    72.001
    63.060
    60.001
    68.707
    68.354
    57.413
    56.825
    60.825
    73.178
    65.648
    56.589
    67.884
    70.707
    67.531
    57.648
    66.237
    65.178
    66.237
    61.766
    65.884
    65.531
    61.295
    59.531
    68.001
    76.825
    62.354
    62.825
    69.648
    68.943
    64.237
    56.707
    67.766
    68.825
    67.060
    56.472
    62.354
    69.413
    62.825
    54.001
    61.060
    67.884
    69.884
    64.825
    68.119
    66.119
    69.766
    65.884
    69.413
    79.531
    75.178
    70.707
    74.590
    85.531
    84.355
    76.002
    83.413
   105.884
    95.649
    88.237
   105.532
   106.826
    97.649
    91.884
    99.767
   100.826
    86.237
    85.649
    90.708
    89.649
    73.884
    77.531
    78.707
    82.708
    65.295
    70.237
    73.766
    73.531
    64.472
    60.707
    70.707
    69.531
    66.354
    62.354
    64.590
    67.531
    61.531
    59.295
    67.060
    75.413
    68.119
    60.237
    69.296
    69.766
    63.766
    62.472
    68.001
    74.943
    63.178
    59.648
    71.060
    71.648
    74.590
    61.295
    62.589
    76.354
    72.707
    69.766
    70.237
    80.825
    76.002
    75.060
    81.178
    97.414
    92.590
    90.002
    98.120
   102.120
    86.119
    73.060
    88.825
    98.120
    80.237
    72.472
    79.178
    87.884
    78.943
    69.413
    72.237
    80.472
    72.472
    64.707
    71.648
    75.649
    65.648
    59.884
    67.060
    74.590
    65.648
    61.766
    69.060
    73.413
    65.884
    63.060
    62.707
    80.472
    65.648
    59.884
    74.590
    75.413
    67.413
    60.942
    72.943
    73.649
    70.590
    63.295
    65.531
    71.413
    66.825
    60.942
    62.942
    78.590
    71.296
    63.060
    69.884
    74.943
    66.707
    60.589
    64.825
    77.060
    70.825
    57.295
    71.648
    73.413
    71.766
    67.060
    72.472
    75.531
    74.590
    61.766
    69.296
    77.884
    64.590
    66.943
    70.119
    69.060
    69.648
    61.295
    69.060
    76.472
    69.648
    62.354
    70.237
    79.296
    65.648
    62.001
    67.648
    79.649
    69.648
    63.295
    66.943
    74.825
    70.707
    62.825
    69.531
    76.472
    68.237
    63.413
    70.354
    78.707
    71.060
    60.942
    69.531
    73.884
    68.590
    65.060
    66.943
    74.707
    71.296
    66.825
    69.648
    71.766
    66.707
    63.766
    70.354
    77.649
    73.413
    66.119
    73.178
    78.707
    69.413
    58.825
    66.590
    77.531
    63.884
    63.413
    74.825
    77.296
    67.648
    64.119
    72.590
    81.884
    71.060
    69.531
    67.531
    74.354
    70.825
    69.413
    70.001
    77.060
    74.237
    62.707
    77.296
    75.531
    66.590
    66.001
    73.884
    72.707
    72.237
    57.648
    78.472
    81.060
    66.119
    64.472
    69.296
    78.119
    72.825
    65.295
    77.413
    71.531
    68.001
    63.531
    73.296
    75.649
    71.178
    63.648
    75.531
    74.237
    69.884
    71.296
    69.884
    76.354
    73.766
    62.119
    70.707
    74.001
    74.119
    65.060
    66.354
    81.060
    64.707
    69.178
    70.707
    84.472
    65.648
    64.237
    72.943
    81.649
    72.825
    67.178
    69.884
    82.708
    72.001
    66.825
    65.295
    82.119
    69.884
    67.648
    70.472
    83.413
    68.707
    64.001
    74.590
    86.002
    76.472
    67.884
    72.590
    78.590
    67.766
    63.648
    71.648
    80.002
    73.296
    66.237
    79.296
    73.766
    70.825
    66.943
    76.119
    83.884
    72.119
    69.884
    72.825
    79.178
    77.413
    67.766
    70.707
    77.413
    72.707
    68.707
    73.766
    81.060
    74.943
    62.707
    72.825
    78.355
    73.060
    62.472
    77.884
    80.002
    73.884
    65.295
    69.884
    85.531
    73.060
    64.942
    73.531
    78.355
    68.354
    65.295
    73.531
    82.237
    73.884
    66.354
    75.884
    79.766
    67.531
    63.884
    72.590
    85.296
    72.943
    69.060
    75.296
    82.002
    71.766
    73.178
    75.178
    81.178
    69.648
    67.884
    78.707
    77.060
    76.119
    75.413
    70.472
    86.355
    72.825
    71.531
    79.178
    80.472
    72.354
    70.943
    76.237
    88.708
    75.178
    66.354
    74.707
    80.590
    72.119
    67.060
    74.943
    83.413
    72.237
    71.648
    77.649
    82.119
    70.943
    65.766
    71.531
    81.649
    75.178
    64.001
    78.119
    82.355
    74.825
    64.354
    74.590
    77.060
    76.825
    70.825
    71.178
    82.825
    73.178
    71.766
    73.413
    80.355
    71.884
    71.060
    69.884
    76.707
    70.354
    71.884
    77.413
    85.296
    80.355
    79.060
    81.413
    83.296
    76.002
    70.707
    75.531
    86.825
    76.943
    71.648
    75.060
    87.296
    76.237
    70.590
    73.178
    88.943
    78.590
    74.001
    83.766
    79.178
    75.413
    72.707
    73.178
    88.237
    77.649
    70.707
    76.590
    82.825
    75.060
    66.707
    73.649
    92.590
    73.296
    71.648
    77.649
    82.825
    75.296
    73.413
    68.943
    85.884
    78.943
    69.296
    77.296
    90.472
    79.413
    66.590
    80.355
    84.237
    74.472
    74.825
    77.296
    86.002
    72.354
    66.472
    80.119
    85.296
    84.237
    70.237
    76.707
    88.002
    70.001
    71.884
    78.237
    89.296
    79.766
    73.649
    75.649
    91.531
    79.060
    67.648
    74.001
    80.472
    77.531
    65.884
    76.237
    84.943
    75.766
    72.354
    84.825
    84.590
    79.178
    72.943
    79.178
    82.119
    84.825
    70.707
    79.060
    90.943
    80.237
    74.001
    77.766
    88.002
    74.590
    69.060
    75.531
    85.296
    76.119
    76.354
    84.002
    91.649
    79.060
    71.531
    78.237
    85.649
    80.707
    73.060
    76.943
    88.472
    79.884
    70.707
    80.237
    86.355
    74.707
    73.413
    77.884
    85.884
    74.237
    72.943
    82.708
    88.472
    78.825
    72.119
    82.237
    87.296
    83.296
    72.354
    86.119
    94.237
    72.825
    76.237
    83.296
    91.884
    83.060
    72.001
    80.355
    88.472
    85.061
    73.649
    84.943
    92.002
    81.531
    73.766
    78.237
    92.472
    75.178
    69.884
    80.707
    93.414
    74.119
    70.237
    78.472
    86.825
    80.355
    73.060
    77.060
    87.414
    83.884
    73.296
    80.825
    92.708
    81.766
    71.413
    86.355
    85.766
    77.413
    76.002
    81.178
    85.178
    77.531
    72.001
    82.472
    92.943
    81.296
    72.707
    84.943
    87.296
    81.531
    74.825
    80.590
    92.943
    83.884
    73.884
    86.472
    95.296
    89.884
    73.178
    83.060
    88.119
    81.766
    70.001
    80.119
    91.884
    80.472
    73.296
    81.413
    89.061
    83.649
    73.766
    82.943
    90.825
    85.531
    72.354
    87.178
    93.414
    81.884
    76.119
    80.472
    88.119
    83.531
    73.296
    82.590
    91.178
    83.413
    76.354
    83.531
    88.590
    85.649
    80.002
    84.590
    92.943
    87.061
    74.943
    82.825
    94.355
    85.413
    71.178
    89.649
    92.708
    80.943
    73.060
    89.884
    94.002
    85.413
    83.178
    85.296
    88.119
    84.237
    76.002
    77.766
    92.355
    87.531
    81.060
    82.237
    90.590
    86.825
    73.766
    81.296
    90.119
    82.355
    80.237
    80.943
    97.414
    83.413
    76.354
    82.825
    96.473
    87.884
    81.884
    86.825
    92.237
    85.884
    74.943
    85.413
    88.472
    89.296
    77.649
    84.355
    92.708
    87.884
    79.884
    82.237
    92.590
    89.061
    78.002
    85.766
    93.884
    84.708
    78.825
    79.649
    92.943
    88.825
    76.825
    83.531
    91.767
    86.237
    78.002
    89.178
    99.414
    86.355
    78.590
    87.414
    93.178
    88.943
    82.237
    81.413
    89.531
    90.943
    81.531
    85.884
    98.943
    88.825
    81.060
    82.355
    98.708
    88.002
    73.766
    84.119
    99.531
    85.061
    77.178
    87.649
    94.002
    80.943
    79.296
    81.766
   100.590
    83.531
    75.296
    86.002
    90.825
    92.002
    79.178
    86.472
    89.414
    83.531
    79.178
    82.119
   106.590
    90.355
    83.649
    86.355
    96.825
    85.178
    79.296
    86.355
   101.061
    88.237
    87.414
    91.178
    91.649
    94.355
    81.884
    90.237
    99.296
    90.590
    75.766
    88.825
   106.473
    86.708
    84.825
    91.178
   106.120
    96.825
    87.296
    99.531
   115.649
   107.885
   107.885
   103.414
   123.650
   130.003
   118.708
   127.885
   148.356
   174.592
   159.180
   158.003
   231.181
   265.299
   233.534
   276.711
   370.596
   377.890
   378.596
   423.773
   536.717
   493.422
   436.832
   475.186
   492.128
   414.714
   362.713
   383.890
   393.773
   329.536
   284.241
   309.653
   314.359
   247.534
   216.593
   217.298
   205.886
   157.062
   132.120
   132.944
   131.179
   110.238
    98.943
   108.355
   120.591
   106.590
    98.355
   104.002
   107.767
    94.120
    87.061
    93.061
   105.649
    95.767
    86.590
    91.531
    98.826
    94.355
    85.649
    91.531
   105.884
    95.296
    85.178
    97.531
   101.061
    96.120
    80.119
    88.590
   105.296
    93.767
    86.237
    96.590
   104.002
    94.708
    80.943
    85.884
   100.002
    95.061
    84.708
    89.061
    97.767
    93.649
    86.590
    84.237
   105.767
    96.473
    83.649
    87.649
   101.178
    93.296
    85.413
    91.061
   100.943
    94.708
    86.708
    94.120
   102.120
    91.414
    88.708
    91.414
    96.002
    96.708
    86.119
    93.884
    95.414
    94.590
    85.413
    82.708
   102.826
   101.649
    79.649
    90.237
   103.531
   101.296
    81.766
    93.178
   109.414
    90.590
    88.590
    94.237
    96.237
    96.355
    84.825
    91.296
   103.179
    88.002
    79.413
    93.767
   103.061
    90.119
    86.708
    87.414
   102.590
    92.825
    90.472
    91.884
   104.120
    89.649
    85.061
    96.708
   105.767
    95.531
    88.237
    91.178
   102.002
   101.414
    85.531
    85.884
   102.826
    96.708
    84.472
    88.355
   104.590
    95.649
    86.119
    87.178
   111.296
    99.884
    90.708
    84.237
   104.473
    95.061
    81.649
    96.120
   103.179
   100.355
    87.414
    96.943
   104.355
    97.178
    87.766
    93.884
   105.296
    96.120
    91.061
    92.355
   102.355
   102.002
    84.355
    92.355
   106.237
    99.531
    85.413
    97.884
   103.296
    93.884
    81.531
    92.708
   102.943
    97.178
    88.002
    95.061
   103.414
    94.472
    86.825
    95.884
   102.120
    98.002
    90.590
    94.002
   100.473
   100.473
    95.649
    86.708
   110.120
   101.296
    89.061
    92.590
   108.237
    97.884
    85.531
    89.296
   103.531
   105.179
    89.884
    96.825
   109.532
    98.708
    82.119
    89.884
   110.708
    98.237
    92.237
    99.296
   108.002
    98.590
    91.531
    92.119
   111.767
   102.708
    88.355
   102.826
   110.826
    96.120
    87.766
    95.884
   108.826
   100.237
    86.825
   104.237
   108.943
    92.237
    91.649
    88.119
   110.120
    95.296
    90.825
    93.061
   101.767
    94.590
    90.590
    97.061
   107.179
   103.414
    90.237
    94.120
   107.649
    96.473
    88.472
    92.472
   102.120
    98.237
    97.061
    98.708
   101.531
    98.943
    88.355
    89.414
   111.532
    95.414
    89.649
   102.943
   106.355
    95.296
    91.178
   102.002
   110.590
    99.296
    98.002
    95.884
   113.296
   100.708
    93.061
    93.531
   112.238
   107.885
    95.178
   100.002
   109.296
   105.884
    92.472
   100.826
   108.943
   106.590
    94.002
   101.296
   113.532
   105.767
    91.767
    98.943
   118.473
   117.414
   100.120
   105.649
   121.414
   112.943
   104.708
   107.061
   122.355
   122.944
   114.708
   117.061
   136.238
   140.591
   137.297
   134.473
   177.062
   199.063
   180.121
   192.121
   234.240
   267.417
   240.711
   268.358
   350.007
   351.419
   339.419
   380.243
   424.714
   383.890
   339.889
   351.889
   365.184
   314.830
   277.535
   287.300
   301.888
   257.888
   241.652
   245.534
   271.300
   206.239
   175.180
   179.298
   174.121
   139.062
   126.944
   120.473
   148.827
   129.767
   104.708
   109.885
   120.826
   113.767
   104.237
   103.061
   120.591
   106.590
   101.296
   100.002
   117.649
   112.473
   102.473
   109.767
   114.473
   106.355
    95.767
   112.002
   125.885
   114.355
   105.532
   111.767
   124.591
   113.767
    98.590
   101.296
   116.473
   106.473
   103.061
   105.649
   121.532
   108.708
    96.708
    99.767
   114.591
   102.473
    95.767
    95.178
   108.355
   109.179
    97.649
    95.414
   114.473
   106.002
    91.178
    90.943
   109.414
   106.826
    97.296
   103.296
   112.590
   105.649
    92.119
   100.237
   109.649
   107.414
    90.119
   107.061
   114.002
   105.061
    91.649
    99.296
   111.296
   103.767
    92.590
   101.649
   114.002
   108.355
    93.649
   101.296
   112.002
   102.120
    92.472
   106.590
   111.414
   104.002
    93.649
    94.708
   108.473
   107.061
    99.884
   106.120
   117.885
   110.943
    96.708
   102.120
   118.238
   102.590
   100.708
    96.590
   113.296
    99.649
    93.178
    98.473
   113.414
   106.826
    98.826
    95.649
   102.237
   104.120
    90.590
   103.414
   113.532
   110.473
    98.708
   104.355
   109.767
   109.179
    93.061
    94.590
   116.002
   109.532
   100.002
   106.237
   113.649
   104.355
    99.531
    97.061
   111.885
   105.061
    99.414
   103.649
   113.767
   105.061
   101.296
   101.414
   115.296
   104.002
    96.825
   101.649
   119.297
   112.355
    97.061
    99.061
   116.473
   109.296
    99.531
   105.884
   114.708
   107.179
    94.825
    99.414
   117.532
   112.355
    95.649
    97.296
   114.473
   105.061
   101.884
   102.120
   112.120
   104.473
    93.649
   104.237
   118.002
   111.179
    98.590
    98.826
   119.179
   110.002
    98.590
   107.649
   113.649
   109.296
    98.355
   105.767
   119.885
   112.590
   103.296
   102.708
   113.179
   104.473
    99.531
   103.531
   116.002
   108.120
    97.767
   110.120
   115.885
   109.296
    94.237
    99.061
   116.473
   113.296
    95.414
   107.649
   125.297
   114.708
   100.473
   100.355
   118.591
   113.532
    97.414
   108.590
   124.120
   112.002
   109.885
   103.531
   122.355
   121.179
   107.179
   109.767
   126.944
   121.885
   117.296
   112.120
   134.238
   136.944
   128.826
   131.414
   156.944
   150.356
   152.003
   149.650
   185.651
   209.181
   196.475
   212.710
   254.946
   285.653
   257.770
   293.653
   360.125
   364.360
   334.595
   374.713
   425.773
   375.066
   325.536
   340.007
   367.772
   302.477
   254.005
   282.359
   303.653
   266.123
   229.063
   249.064
   271.652
   214.357
   182.474
   190.239
   173.886
   157.180
   128.356
   138.120
   145.415
   135.885
   116.355
   117.885
   131.650
   121.649
   107.649
   121.297
   117.885
   117.179
   111.532
   112.708
   126.591
   122.002
   101.767
   105.179
   117.649
   113.296
   100.473
   115.296
   124.708
   116.591
   105.884
   103.884
   118.473
   113.414
   104.590
   102.355
   121.649
   116.944
    99.767
   109.061
   124.473
   112.943
    97.296
   113.532
   115.061
   108.943
   101.884
   102.002
   119.414
   120.238
   102.002
   101.649
   118.708
   114.120
   105.061
   107.649
   119.061
   110.826
   101.767
   106.237
   115.414
   110.826
   103.649
   106.708
   118.826
   112.590
   105.649
   111.767
   125.532
   112.826
   106.943
   104.590
   118.238
   114.591
   104.355
   104.943
   120.002
   114.473
   102.473
   107.414
   116.473
   114.002
    96.473
   101.296
   126.708
   110.590
   102.943
   100.943
   124.708
   120.473
   105.532
   106.120
   120.708
   114.238
   100.355
   106.826
   120.355
   113.532
   110.238
   115.296
   120.120
   114.238
    93.649
   108.473
   118.355
   122.355
   100.237
   107.061
   120.944
   122.120
   103.414
   103.767
   125.297
   114.708
   104.590
   106.590
   113.885
   112.473
   100.237
   103.767
   115.885
   115.061
   106.943
   116.355
   125.297
   119.885
   103.414
   102.237
   129.297
   120.591
   104.237
   113.414
   127.179
   122.826
   104.473
   105.649
   134.003
   120.591
   109.767
   119.767
   138.356
   129.414
   110.002
   120.944
   144.356
   134.356
   126.826
   123.650
   145.415
   151.297
   146.709
   132.003
   180.239
   202.475
   181.415
   183.298
   234.358
   253.417
   224.004
   260.829
   350.242
   332.948
   309.418
   333.771
   399.420
   352.831
   315.536
   313.771
   328.124
   282.123
   245.417
   269.064
   293.653
   249.652
   221.887
   245.299
   266.476
   231.063
   196.357
   190.592
   209.416
   165.768
   140.591
   143.415
   162.944
   133.885
   126.355
   127.650
   142.238
   126.238
   116.708
   112.473
   135.297
   124.473
   113.767
   122.120
   138.003
   118.708
   104.002
   110.826
   130.120
   120.944
   105.649
   116.826
   124.120
   124.355
   111.414
   103.531
   131.061
   116.120
   103.061
   111.532
   128.591
   125.885
   106.002
   108.355
   127.179
   119.297
   104.708
   119.532
   127.297
   113.296
   100.708
   109.649
   135.062
   118.473
   100.355
   115.532
   130.591
   121.297
    99.884
   105.767
   123.532
   121.885
   113.061
   113.767
   126.708
   123.885
   104.826
   114.473
   131.414
   124.355
   110.473
   121.532
   126.003
   123.650
   105.884
   118.355
   126.355
   118.473
   109.885
   118.120
   124.355
   122.944
   100.590
   117.767
   131.414
   121.297
   105.649
   108.355
   128.944
   119.767
   114.120
   113.767
   123.650
   125.885
   108.590
   119.767
   122.944
   116.708
   109.767
   117.296
   130.591
   129.414
   111.179
   115.885
   127.767
   126.944
   106.826
   112.120
   130.826
   134.944
   114.355
   124.944
   131.532
   129.650
   105.179
   111.767
   132.238
   138.356
   112.355
   118.944
   135.414
   123.767
   112.943
   105.414
   133.179
   131.061
   120.708
   124.473
   141.768
   140.473
   127.061
   129.885
   149.297
   140.473
   133.532
   130.709
   159.886
   148.121
   131.414
   138.238
   159.650
   162.827
   148.121
   160.944
   182.945
   181.298
   165.062
   164.827
   212.004
   244.828
   235.652
   236.711
   299.182
   344.360
   347.654
   333.065
   460.009
   594.482
   552.129
   583.659
   772.721
   872.370
   800.487
   889.665
  1095.434
  1056.374
   938.842
  1004.020
  1051.668
   905.195
   721.779
   720.132
   813.075
   696.837
   571.188
   633.307
   694.014
   624.954
   524.128
   547.658
   590.600
   477.657
   343.066
   358.831
   335.771
   248.711
   206.710
   205.769
   213.181
   188.474
   160.474
   161.886
   173.062
   158.474
   143.885
   142.356
   168.356
   149.532
   126.355
   132.238
   150.827
   144.238
   128.356
   130.120
   144.591
   137.650
   118.826
   123.179
   132.120
   133.650
   127.297
   119.767
   141.768
   127.414
   116.944
   126.355
   133.885
   125.650
   114.473
   120.002
   144.591
   130.120
   113.885
   121.767
   146.356
   125.532
   106.943
   111.414
   138.356
   129.297
   114.120
   117.649
   140.473
   132.591
   114.002
   121.061
   141.297
   137.062
   122.591
   129.767
   140.709
   132.591
   125.297
   125.061
   148.003
   144.591
   138.120
   139.415
   155.885
   156.003
   137.767
   139.768
   160.121
   161.533
   144.826
   155.533
   174.474
   184.121
   167.533
   169.415
   204.710
   245.181
   238.475
   238.005
   278.594
   341.301
   330.713
   310.477
   437.421
   542.599
   510.246
   580.600
   752.486
   815.428
   766.251
   808.604
   997.902
   917.312
   818.134
   798.016
   843.193
   720.250
   588.482
   592.365
   676.366
   608.600
   527.775
   560.247
   629.071
   532.717
   454.127
   475.304
   491.775
   391.537
   314.006
   312.830
   289.065
   230.122
   194.474
   181.062
   206.239
   181.533
   150.591
   150.591
   165.650
   153.297
   131.532
   136.473
   149.062
   144.238
   128.473
   125.179
   140.826
   134.003
   128.591
   116.355
   138.120
   136.003
   117.296
   118.944
   136.591
   138.944
   111.532
   117.767
   139.532
   127.179
   121.532
   118.944
   134.709
   132.120
   112.002
   117.767
   139.415
   127.179
   114.238
   118.355
   136.944
   131.297
   114.708
   113.296
   139.297
   127.179
   113.179
   118.826
   135.062
   130.473
   107.532
   112.708
   138.473
   130.591
   112.826
   116.002
   133.061
   141.297
   118.591
   117.179
   139.297
   135.532
   123.767
   125.414
   145.179
   142.238
   118.355
   119.885
   138.591
   138.826
   124.473
   125.297
   146.474
   142.356
   127.767
   128.708
   155.885
   170.239
   150.474
   149.415
   183.651
   181.651
   175.415
   176.121
   213.534
   239.652
   216.593
   225.652
   269.888
   278.006
   258.358
   261.182
   294.947
   266.594
   233.416
   235.769
   244.005
   222.004
   195.769
   203.886
   232.240
   215.063
   192.121
   197.180
   223.063
   197.651
   170.945
   168.121
   192.004
   167.533
   142.709
   146.238
   158.003
   139.532
   118.826
   125.061
   150.238
   138.826
   118.826
   118.002
   133.061
   128.356
   120.591
   114.002
   135.767
   134.709
   115.649
   127.532
   142.473
   128.826
   108.590
   118.002
   138.944
   130.591
   117.885
   124.355
   134.238
   124.826
   113.532
   117.179
   139.062
   120.591
   119.649
   115.649
   131.061
   129.061
   115.767
   114.002
   137.062
   128.473
   107.061
   109.885
   130.356
   128.944
   112.120
   118.473
   134.944
   127.767
   118.238
   118.238
   133.532
   130.473
   112.708
   113.649
   135.885
   129.179
   114.943
   112.473
   131.885
   126.826
   112.120
   117.885
   128.238
   136.709
   106.120
   116.120
   131.297
   128.944
   112.826
   106.473
   134.944
   121.885
   108.590
   114.591
   128.238
   119.061
   118.473
   109.296
   126.944
   130.709
   108.590
   116.355
   128.591
   129.414
   116.238
   106.708
   134.473
   127.767
   115.179
   113.885
   133.650
   128.591
   115.532
   111.061
   142.826
   126.826
   115.414
   116.238
   136.120
   138.826
   111.179
   114.826
   132.591
   127.414
   112.590
   116.944
   137.062
   128.120
   109.767
   115.296
   132.709
   132.709
   119.179
   114.708
   137.062
   124.944
   110.590
   104.473
   135.297
   127.767
   109.296
   118.944
   134.709
   126.473
   112.943
   113.767
   129.885
   134.473
   117.296
   117.179
   134.473
   122.238
   115.532
   116.473
   133.297
   126.591
   114.238
   118.355
   137.415
   128.356
   111.296
   108.708
   132.356
   134.356
   111.179
   121.179
   136.003
   138.003
   114.120
   113.179
   137.650
   121.179
   113.296
   116.473
   133.532
   130.120
   111.414
   110.473
   137.885
   125.767
   121.649
   111.532
   136.003
   133.414
   109.649
   116.826
   135.532
   133.061
   118.826
   118.708
   133.767
   137.062
   113.414
   105.884
   139.768
   125.650
   114.826
   122.591
   138.473
   119.885
   118.826
   115.179
   137.297
   139.885
   116.355
   119.179
   132.238
   139.062
   114.473
   118.238
   135.767
   135.532
   114.591
   119.767
   135.650
   132.591
   111.179
   113.767
   140.944
   138.944
   117.179
   119.297
   137.062
   126.591
   113.532
   113.296
   143.297
   131.885
   119.414
   121.179
   137.179
   131.532
   113.532
   119.414
   140.591
   134.826
   118.944
   126.355
   131.767
   127.650
   115.885
   117.061
   132.944
   137.650
   112.355
   119.061
   140.826
   130.473
   116.473
   111.767
   140.826
   131.767
   114.591
   117.767
   137.767
   129.179
   112.708
   109.649
   137.767
   132.003
   119.179
   117.414
   130.709
   127.414
   120.591
   112.708
   136.709
   131.179
   122.002
   117.885
   137.650
   128.826
   109.767
   118.591
   142.944
   142.003
   121.649
   117.414
   137.885
   139.062
   117.296
   114.826
   131.532
   131.767
   116.238
   115.414
   137.767
   135.297
   119.061
   123.297
   142.826
   141.885
   128.591
   122.591
   143.415
   139.768
   124.473
   125.650
   152.003
   145.415
   129.061
   131.179
   150.944
   152.474
   137.767
   134.003
   168.827
   179.062
   160.003
   164.709
   188.121
   201.298
   183.180
   181.886
   236.240
   236.828
   206.122
   222.240
   264.829
   247.417
   206.357
   208.945
   231.416
   223.181
   184.239
   184.239
   212.357
   197.416
   169.062
   177.533
   208.475
   198.122
   174.003
   175.651
   201.063
   182.827
   151.768
   147.062
   164.356
   160.827
   128.356
   133.650
   155.180
   142.238
   130.473
   125.414
   142.120
   139.062
   125.179
   127.650
   139.885
   132.944
   124.944
   120.944
   140.826
   140.238
   120.944
   122.944
   143.532
   141.297
   124.002
   116.826
   139.062
   142.473
   117.885
   125.414
   138.473
   131.532
   118.120
   114.826
   131.179
   138.709
   120.826
   119.179
   136.591
   136.826
   116.591
   119.885
   143.062
   135.297
   120.473
   122.238
   145.415
   138.003
   113.649
   113.649
   137.532
   137.650
   121.532
   115.885
   141.297
   138.709
   114.826
   116.591
   128.120
   134.356
   119.649
   118.591
   140.238
   140.826
   119.414
   114.826
   132.003
   142.826
   121.179
   123.297
   142.826
   138.473
   122.826
   116.944
   136.591
   130.826
   125.532
   118.826
   138.473
   141.885
   120.826
   116.473
   135.767
   134.356
   120.591
   120.238
   142.120
   136.826
   118.826
   120.002
   142.591
   145.532
   112.120
   124.944
   140.709
   131.532
   115.885
   110.708
   133.532
   136.473
   114.826
   117.061
   139.297
   135.532
   119.649
   117.649
   135.297
   134.238
   111.414
   117.414
   136.826
   138.944
   119.061
   118.708
   137.885
   133.297
   121.885
   120.120
   137.179
   141.885
   113.179
   111.885
   136.238
   132.826
   125.532
   125.885
   138.120
   144.238
   114.591
   121.414
   140.120
   138.944
   126.826
   129.885
   141.062
   141.650
   122.002
   129.061
   142.003
   143.532
   126.003
   123.885
   154.944
   153.885
   137.415
   139.062
   159.650
   158.003
   148.121
   150.356
   176.004
   172.827
   158.356
   165.650
   182.004
   183.062
   168.827
   152.356
   176.004
   166.827
   150.709
   150.121
   167.415
   167.062
   145.415
   149.179
   170.827
   157.415
   143.297
   136.003
   164.003
   157.650
   138.003
   140.003
   144.121
   148.944
   121.649
   123.179
   145.532
   145.415
   130.473
   118.591
   136.591
   150.238
   121.649
   115.767
   148.003
   134.826
   131.061
   128.826
   136.473
   138.826
   118.473
   130.826
   148.356
   138.826
   124.944
   125.650
   142.120
   134.826
   125.767
   124.473
   146.709
   136.591
   121.414
   121.767
   140.003
   132.238
   123.885
   122.591
   135.650
   138.473
   120.708
   121.179
   137.885
   130.826
   120.355
   118.238
   139.650
   136.003
   122.355
   124.355
   134.120
   145.650
   118.591
   113.296
   138.826
   140.238
   122.355
   120.708
   138.709
   140.356
   119.414
   124.708
   136.944
   137.532
   124.473
   126.473
   141.885
   145.650
   129.297
   121.649
   145.415
   144.003
   120.591
   124.826
   145.297
   143.179
   123.179
   123.885
   139.415
   141.179
   120.708
   118.002
   142.473
   134.826
   124.944
   123.061
   152.591
   145.532
   127.885
   129.650
   144.826
   147.650
   129.179
   124.238
   144.591
   154.003
   132.120
   135.414
   145.179
   150.356
   136.709
   131.297
   159.415
   163.297
   156.944
   153.768
   191.416
   199.886
   185.651
   184.121
   230.828
   248.711
   215.298
   222.004
   271.182
   258.005
   220.475
   206.004
   248.005
   246.123
   196.827
   189.063
   213.298
   209.887
   176.592
   169.650
   208.357
   224.828
   182.357
   178.357
   210.240
   194.945
   164.474
   163.768
   180.379
   180.004
   148.253
   155.128
   160.378
   156.878
   131.253
   131.003
   135.628
   151.503
   127.128
   122.752
   142.878
   142.128
   131.128
   114.877
   137.503
   153.253
   133.878
   126.753
   141.628
   132.128
   119.002
   115.002
   140.253
   140.878
   126.753
   120.752
   142.753
   143.753
   127.128
   113.252
   141.128
   142.128
   125.753
   121.627
   138.003
   140.753
   120.252
   118.252
   149.753
   142.628
   130.378
   124.002
   146.253
   142.253
   124.377
   119.002
   146.628
   148.253
   124.377
   129.628
   135.128
   141.003
   123.877
   118.002
   135.503
   143.503
   128.628
   124.627
   141.753
   150.253
   121.252
   119.752
   147.378
   145.878
   121.752
   121.502
   151.128
   141.378
   119.502
   123.002
   142.378
   153.003
   129.628
   128.878
   140.753
   145.878
   124.752
   122.127
   133.628
   145.503
   129.878
   117.252
   142.753
   142.253
   125.003
   115.877
   140.503
   149.003
   127.753
   128.503
   156.503
   137.878
   116.002
   128.253
   130.753
   146.753
   122.752
   127.878
   149.253
   144.503
   129.878
   123.377
   141.003
   153.878
   121.752
   122.127
   142.753
   145.253
   121.252
   121.752
   140.628
   153.628
   124.127
   127.753
   147.753
   141.503
   134.628
   115.127
   141.003
   142.753
   129.753
   126.253
   142.503
   148.753
   128.753
   124.627
   141.253
   148.878
   130.128
   133.253
   139.753
   148.378
   123.877
   116.627
   137.003
   139.378
   128.503
   121.877
   142.503
   139.378
   128.128
   121.002
   137.753
   149.128
   124.878
   131.253
   146.503
   139.628
   131.503
   128.128
   142.378
   145.378
   120.502
   130.878
   137.878
   156.378
   123.002
   124.878
   144.503
   150.878
   130.378
   130.628
   147.128
   147.003
   130.753
   114.877
   142.128
   150.003
   135.753
   123.377
   148.128
   148.003
   116.377
   119.252
   141.253
   150.878
   134.003
   129.753
   147.378
   151.878
   129.378
   124.502
   144.128
   152.003
   130.753
   127.378
   147.753
   145.378
   130.753
   130.628
   144.503
   148.628
   133.628
   131.503
   143.878
   150.378
   128.003
   125.378
   146.128
   146.878
   129.378
   133.753
   144.378
   155.253
   139.003
   127.503
   153.878
   155.753
   142.128
   135.753
   147.253
   157.253
   134.378
   135.378
   161.503
   157.128
   129.753
   134.378
   147.128
   150.878
   127.128
   124.252
   146.253
   154.503
   133.503
   131.128
   154.628
   160.128
   124.878
   120.627
   151.253
   149.503
   133.253
   134.753
   148.878
   156.003
   129.253
   122.127
   152.003
   156.128
   133.878
   127.003
   151.878
   150.753
   123.752
   124.502
   141.128
   152.253
   126.378
   135.753
   150.878
   159.253
   133.128
   141.253
   148.878
   148.878
   136.253
   133.378
   158.878
   165.253
   141.628
   135.378
   161.503
   173.878
   159.878
   153.503
   183.629
   193.004
   170.753
   162.753
   198.754
   206.754
   178.754
   176.879
   206.754
   215.504
   171.253
   162.378
   190.379
   196.004
   162.003
   166.753
   179.004
   173.003
   156.003
   138.253
   178.504
   176.879
   159.503
   157.003
   182.504
   182.629
   158.878
   137.878
   167.253
   168.253
   144.128
   137.003
   162.128
   155.753
   143.128
   128.253
   155.878
   162.253
   136.878
   135.378
   143.003
   154.628
   134.253
   126.128
   145.253
   160.128
   138.253
   131.753
   152.253
   141.878
   126.003
   131.878
   139.753
   148.378
   130.753
   125.753
   148.753
   146.503
   138.628
   127.003
   144.378
   155.503
   132.628
   132.003
   149.128
   149.878
   122.752
   129.628
   151.003
   146.503
   136.378
   132.253
   140.378
   149.878
   133.253
   126.128
   153.128
   153.378
   134.003
   125.628
   154.378
   152.378
   135.628
   127.003
   139.503
   160.378
   142.628
   126.753
   142.128
   152.128
   136.128
   128.378
   149.253
   155.378
   130.253
   123.377
   152.378
   155.628
   130.003
   124.878
   143.253
   155.628
   133.253
   130.753
   142.128
   153.878
   127.378
   124.127
   144.628
   156.378
   133.128
   139.503
   147.753
   151.878
   132.003
   124.752
   139.753
   160.753
   133.503
   123.627
   145.503
   163.503
   131.628
   121.877
   137.253
   155.128
   134.253
   130.003
   156.628
   153.128
   138.253
   127.253
   152.878
   149.128
   137.503
   123.127
   142.378
   153.878
   137.378
   124.127
   147.503
   153.128
   135.253
   136.253
   151.253
   149.878
   136.503
   127.503
   154.628
   160.128
   144.128
   140.753
   148.378
   158.503
   139.253
   129.253
   147.253
   162.628
   141.128
   127.128
   151.628
   158.253
   137.003
   135.503
   150.628
   164.503
   138.878
   132.378
   156.753
   163.253
   133.503
   127.628
   151.753
   153.378
   148.503
   138.128
   154.378
   160.753
   131.128
   124.752
   164.878
   160.628
   141.003
   142.503
   146.253
   160.253
   132.253
   130.128
   149.378
   161.503
   141.503
   135.003
   149.378
   151.878
   139.878
   129.253
   148.503
   158.003
   144.253
   125.753
   147.878
   159.128
   137.878
   126.628
   139.128
   159.753
   138.003
   135.503
   154.503
   159.378
   138.503
   126.753
   148.628
   162.878
   143.878
   130.878
   147.503
   154.628
   137.503
   131.753
   152.628
   154.378
   144.753
   139.878
   156.128
   163.503
   140.253
   126.628
   154.378
   160.503
   133.628
   131.378
   151.003
   170.003
   142.878
   131.878
   157.003
   159.128
   137.878
   140.253
   164.878
   168.253
   147.503
   133.878
   167.128
   173.503
   155.003
   143.878
   175.879
   191.629
   166.378
   161.378
   193.754
   215.754
   182.754
   185.629
   213.754
   235.755
   206.629
   186.379
   222.879
   238.380
   206.879
   197.754
   206.254
   206.254
   186.754
   167.378
   189.754
   206.879
   178.254
   169.503
   199.129
   201.254
   173.503
   166.628
   191.254
   205.379
   173.378
   166.253
   181.629
   181.379
   152.378
   139.378
   158.628
   172.253
   147.128
   142.503
   167.378
   166.878
   138.753
   132.628
   145.753
   166.378
   140.128
   139.753
   155.128
   161.253
   142.253
   134.878
   153.878
   161.753
   141.003
   142.878
   152.003
   153.628
   132.753
   136.128
   148.128
   158.753
   145.253
   131.628
   159.003
   160.003
   136.878
   137.003
   153.378
   160.628
   139.628
   135.503
   158.378
   165.753
   145.128
   123.627
   154.128
   172.503
   152.378
   136.003
   150.878
   158.378
   143.628
   129.003
   153.753
   166.503
   138.628
   139.003
   148.128
   150.628
   140.253
   133.253
   149.753
   158.128
   141.253
   125.753
   158.378
   162.628
   137.128
   132.878
   149.128
   164.378
   139.253
   146.753
   157.628
   160.378
   137.503
   129.253
   151.128
   162.628
   156.378
   138.503
   150.378
   164.003
   136.128
   130.878
   158.003
   155.753
   146.128
   127.003
   147.753
   162.253
   142.878
   133.253
   151.878
   167.128
   144.378
   130.628
   157.753
   158.753
   137.503
   128.378
   157.378
   169.128
   143.878
   138.128
   155.878
   165.628
   144.378
   139.753
   151.503
   167.378
   137.128
   140.628
   160.753
   167.378
   136.003
   136.253
   153.128
   158.128
   152.378
   137.128
   162.878
   169.878
   140.378
   133.253
   156.128
   164.878
   138.753
   130.628
   154.253
   163.878
   138.753
   132.253
   152.503
   164.128
   141.378
   143.503
   165.253
   151.253
   142.378
   142.253
   148.628
   167.878
   140.128
   137.628
   158.128
   175.754
   142.128
   128.878
   144.128
   164.503
   140.128
   133.628
   156.503
   168.003
   139.253
   128.253
   149.628
   171.003
   148.878
   133.628
   155.253
   164.253
   143.003
   132.253
   158.128
   163.503
   138.003
   132.878
   160.753
   168.628
   140.003
   140.878
   159.253
   164.378
   147.253
   135.753
   157.878
   161.628
   144.378
   131.003
   157.253
   168.503
   143.753
   147.378
   151.378
   168.378
   149.253
   134.378
   155.003
   166.753
   142.128
   144.253
   156.628
   166.878
   145.378
   134.253
   158.128
   169.003
   144.753
   135.128
   160.878
   166.878
   148.503
   134.878
   158.503
   170.003
   148.878
   141.378
   151.753
   173.378
   146.253
   136.128
   159.253
   167.003
   155.128
   133.753
   164.378
   166.503
   151.003
   132.503
   161.878
   173.503
   151.753
   150.128
   157.003
   171.253
   148.878
   139.753
   151.503
   170.503
   153.378
   140.003
   158.003
   163.503
   145.253
   139.128
   155.003
   166.253
   157.128
   145.003
   168.003
   159.503
   155.003
   134.128
   151.503
   167.378
   145.753
   140.003
   154.003
   166.128
   145.378
   136.753
   160.128
   172.003
   150.753
   136.628
   155.628
   170.503
   153.503
   131.628
   159.253
   174.753
   149.753
   139.003
   159.128
   160.503
   149.378
   133.003
   157.753
   171.628
   151.753
   145.878
   159.503
   168.003
   147.253
   133.378
   153.503
   165.378
   149.878
   140.878
   161.628
   169.753
   148.503
   135.753
   151.878
   171.753
   147.128
   135.753
   154.378
   165.003
   145.003
   127.378
   145.878
   164.378
   145.128
   140.128
   152.128
   170.628
   144.253
   135.628
   159.753
   165.753
   150.878
   138.128
   159.378
   167.253
   139.878
   138.003
   161.753
   175.254
   149.378
   141.253
   157.378
   169.378
   149.503
   136.878
   164.378
   175.504
   151.503
   141.878
   160.253
   174.879
   136.753
   133.753
   150.003
   175.504
   143.003
   137.628
   161.253
   173.128
   146.128
   142.003
   161.378
   176.629
   143.628
   139.878
   165.503
   169.253
   144.378
   135.753
   155.003
   171.628
   154.503
   144.003
   158.503
   161.753
   143.628
   143.378
   160.253
   167.503
   139.753
   144.503
   151.503
   171.003
   148.253
   143.878
   151.753
   163.628
   154.003
   135.003
   153.128
   163.628
   142.753
   125.628
   155.003
   161.753
   147.503
   145.753
   153.878
   171.753
   136.878
   130.378
   158.878
   167.753
   144.753
   144.628
   155.128
   172.253
   145.003
   129.378
   155.003
   160.253
   154.753
   143.628
   156.753
   166.878
   142.378
   141.878
   151.878
   176.129
   152.003
   140.128
   164.503
   169.128
   146.503
   136.378
   166.128
   170.128
   146.878
   141.503
   160.503
   174.753
   149.003
   136.003
   163.378
   169.878
   151.753
   149.878
   164.003
   167.378
   154.628
   135.878
   164.003
   172.503
   150.253
   147.628
   160.128
   164.378
   154.878
   142.378
   157.628
   170.003
   151.378
   148.628
   160.253
   169.003
   147.003
   143.503
   159.878
   176.129
   157.128
   147.503
   159.628
   180.629
   145.503
   138.128
   148.503
   166.003
   146.253
   146.503
   161.378
   177.754
   149.503
   138.378
   161.128
   171.253
   156.628
   147.503
   170.628
   167.003
   149.003
   136.003
   163.003
   175.754
   155.128
   144.628
   165.253
   176.754
   154.753
   136.753
   157.128
   164.878
   154.128
   140.878
   158.503
   173.253
   152.128
   135.128
   153.128
   171.878
   158.878
   140.128
   161.378
   169.878
   158.253
   143.253
   149.003
   170.378
   147.503
   145.878
   159.503
   165.628
   154.128
   142.753
   162.753
   174.503
   150.128
   146.503
   167.253
   171.128
   154.003
   139.003
   156.628
   169.128
   154.003
   148.128
   166.253
   170.128
   149.503
   135.003
   160.378
   182.254
   149.503
   142.753
   169.128
   168.253
   148.378
   139.503
   158.628
   177.879
   153.753
   144.003
   164.253
   177.754
   149.628
   150.503
   153.253
   181.254
   153.378
   151.503
   164.003
   175.879
   145.378
   139.878
   152.128
   177.254
   148.753
   147.878
   157.753
   170.503
   149.378
   143.128
   151.628
   164.628
   159.378
   145.878
   168.503
   174.503
   154.378
   134.503
   162.253
   167.753
   154.628
   148.378
   170.753
   178.254
   144.128
   140.628
   156.878
   171.753
   152.128
   143.378
   175.004
   169.128
   155.128
   134.253
   158.503
   169.628
   154.503
   141.003
   169.503
   175.254
   153.503
   135.003
   160.878
   180.504
   154.628
   153.253
   161.628
   179.504
   156.253
   137.378
   150.878
   169.378
   157.003
   150.128
   165.503
   175.004
   158.378
   146.753
   154.628
   171.003
   154.128
   153.878
   163.878
   180.129
   151.628
   142.753
   163.253
   182.004
   158.253
   144.253
   168.878
   176.629
   152.878
   138.753
   164.878
   169.878
   157.003
   145.878
   167.128
   175.754
   149.753
   146.128
   162.753
   184.629
   161.378
   141.003
   161.753
   177.004
   158.378
   146.378
   166.128
   170.003
   161.003
   151.003
   161.878
   177.629
   158.753
   142.753
   161.128
   180.379
   154.003
   143.503
   155.003
   176.629
   145.503
   144.253
   166.003
   175.629
   156.878
   149.878
   161.253
   187.004
   159.503
   151.753
   158.378
   173.628
   158.878
   145.503
   165.253
   178.754
   157.003
   139.378
   162.378
   170.128
   159.878
   146.128
   169.378
   183.629
   168.253
   143.753
   156.878
   177.504
   155.503
   148.378
   165.628
   174.003
   153.628
   143.753
   166.003
   176.879
   158.878
   142.628
   166.503
   174.753
   157.003
   137.128
   165.503
   183.129
   152.878
   143.378
   163.878
   174.378
   159.128
   141.253
   160.878
   187.254
   159.378
   145.628
   172.628
   169.128
   164.253
   142.003
   168.003
   186.504
   158.628
   144.003
   173.503
   184.754
   165.878
   153.128
   167.628
   184.004
   165.003
   155.378
   176.379
   189.629
   162.003
   147.128
   171.003
   179.879
   166.253
   154.753
   181.004
   189.004
   163.503
   161.378
   184.129
   201.629
   185.129
   179.004
   191.879
   218.379
   190.504
   175.879
   205.379
   229.505
   215.379
   215.004
   247.380
   278.881
   259.630
   228.880
   263.880
   319.381
   285.881
   277.631
   316.756
   340.632
   285.506
   258.005
   293.881
   324.131
   264.380
   237.630
   262.880
   260.380
   229.255
   208.004
   236.880
   266.630
   234.630
   218.879
   245.630
   265.630
   222.629
   209.254
   245.505
   257.505
   220.629
   204.129
   222.379
   220.504
   192.379
   176.629
   189.879
   205.629
   185.129
   163.378
   186.004
   193.379
   165.128
   152.753
   178.254
   192.129
   166.253
   165.378
   176.629
   185.754
   160.003
   156.003
   166.253
   179.254
   156.378
   155.753
   167.003
   193.754
   160.503
   150.628
   164.128
   188.754
   154.753
   148.003
   165.003
   187.129
   158.628
   152.253
   172.378
   178.254
   162.003
   160.003
   163.753
   179.379
   165.878
   142.628
   168.003
   183.379
   160.128
   157.253
   171.378
   188.629
   164.378
   149.253
   165.128
   185.254
   174.003
   157.128
   173.003
   187.129
   162.378
   157.128
   170.753
   199.254
   178.504
   159.878
   175.379
   195.129
   176.504
   156.253
   171.003
   186.504
   175.254
   155.753
   180.629
   188.754
   167.253
   156.003
   168.753
   184.129
   159.128
   154.503
   176.254
   185.754
   169.503
   148.878
   178.004
   187.754
   164.878
   161.003
   177.754
   182.754
   164.128
   149.253
   171.378
   190.504
   159.628
   139.628
   173.753
   191.879
   162.628
   147.003
   163.628
   182.254
   162.503
   152.253
   174.378
   182.629
   166.878
   152.128
   160.003
   177.129
   172.003
   152.753
   169.628
   178.129
   154.878
   149.378
   159.253
   185.504
   167.128
   151.878
   175.379
   184.504
   164.003
   152.878
   163.503
   184.629
   157.003
   153.503
   172.253
   186.254
   168.253
   145.503
   165.753
   177.629
   153.503
   156.253
   161.128
   181.254
   163.503
   150.628
   167.378
   179.879
   159.628
   149.503
   173.128
   189.879
   157.128
   146.878
   165.378
   191.129
   155.253
   158.253
   168.878
   198.629
   162.878
   154.128
   164.003
   184.754
   163.003
   159.003
   167.878
   186.879
   154.753
   152.378
   180.129
   185.004
   173.878
   156.628
   179.129
   186.879
   171.503
   146.003
   170.878
   190.254
   176.879
   165.253
   182.254
   194.754
   165.128
   160.503
   173.128
   192.379
   172.003
   154.753
   176.754
   197.879
   162.378
   144.128
   170.628
   192.254
   167.378
   153.628
   174.128
   192.254
   166.753
   149.753
   170.003
   184.004
   173.753
   150.128
   179.879
   184.629
   161.128
   153.878
   163.253
   188.129
   165.003
   168.503
   169.003
   195.879
   176.004
   144.878
   168.878
   192.004
   171.253
   154.253
   189.879
   182.879
   175.504
   152.503
   177.004
   196.754
   180.504
   175.504
   188.754
   208.254
   185.629
   167.753
   186.379
   216.879
   188.004
   184.754
   210.754
   233.630
   204.129
   185.254
   207.254
   237.005
   211.754
   187.879
   212.379
   229.630
   195.504
   168.003
   192.754
   218.504
   186.254
   172.503
   194.254
   211.129
   194.629
   178.629
   179.129
   208.254
   201.879
   174.003
   195.004
   216.379
   186.629
   171.378
   184.004
   200.129
   189.629
   158.378
   183.879
   198.879
   168.253
   147.753
   176.879
   198.629
   178.004
   166.128
   182.004
   194.379
   166.128
   156.253
   163.503
   186.504
   169.378
   159.503
   174.378
   191.754
   177.879
   142.878
   183.379
   190.504
   170.128
   151.753
   177.254
   188.629
   158.628
   152.378
   174.753
   197.004
   169.878
   158.628
   183.004
   184.504
   161.878
   148.878
   170.253
   187.629
   169.378
   155.753
   186.379
   190.129
   169.128
   144.253
   168.878
   192.004
   161.128
   150.378
   173.378
   189.629
   176.629
   146.628
   171.503
   181.379
   171.878
   164.503
   177.254
