5.0000 0.0200 100.0000
     0.500
     0.000
     0.000
     0.250
     0.000
     0.250
     0.250
     0.000
     0.250
     0.000
     0.250
     0.000
     0.250
     0.000
     0.500
     0.000
     0.000
     0.000
     0.000
     0.000
     0.000
     0.250
     0.250
     0.000
     0.000
     0.000
     0.250
     0.000
     0.000
     0.000
     0.250
     0.250
     0.250
     0.000
     0.250
     0.250
     0.000
     0.000
     0.000
     0.250
     0.000
     0.250
     0.000
     0.250
     0.000
     0.000
     0.250
     0.000
     0.000
     0.000
     0.000
     0.000
     0.250
     0.250
     0.250
     0.000
     0.000
     0.250
     0.000
     0.000
     0.000
     0.000
     0.000
     0.000
     0.250
     0.000
     0.000
     0.000
     0.500
     0.000
     0.250
     0.000
     0.000
     0.000
     0.250
     0.000
     0.000
     0.000
     0.000
     0.000
     0.250
     0.250
     0.000
     0.000
     0.500
     0.000
     0.000
     0.250
     0.000
     0.000
     0.000
     0.000
     0.000
     0.250
     0.250
     0.000
     0.250
     0.000
     0.000
     0.000
     0.250
     0.250
     0.000
     0.000
     0.000
     0.000
     0.000
     0.000
     0.000
     0.000
     0.500
     0.250
     0.250
     0.250
     0.000
     0.250
     0.000
     0.000
     0.000
     0.250
     0.000
     0.000
     0.000
     0.000
     0.000
     0.000
     0.250
     0.000
     0.000
     0.000
     0.000
     0.000
     0.000
     0.000
     0.250
     0.000
     0.250
     0.000
     0.000
     0.000
     0.250
     0.000
     0.250
     0.000
     0.000
     0.000
     0.000
     0.000
     0.250
     0.000
     0.250
     0.000
     0.000
     0.250
     0.000
     0.000
     0.250
     0.000
     0.250
     0.000
     0.000
     0.000
     0.000
     0.000
     0.500
     0.000
     0.000
     0.250
     0.000
     0.000
     0.250
     0.000
     0.250
     0.000
     0.250
     0.000
     0.250
     0.000
     0.500
     0.000
     0.000
     0.000
     0.000
     0.000
     0.000
     0.500
     0.000
     0.250
     0.250
     0.250
     0.250
     0.500
     0.250
     0.250
     0.000
     0.000
     0.000
     0.000
     0.000
     0.500
     0.250
     0.000
     0.500
     0.000
     0.000
     0.250
     0.000
     0.000
     0.250
     1.000
     0.750
     0.250
     0.000
     0.250
     0.500
     0.500
     0.750
     0.000
     0.250
     0.500
     0.250
     0.250
     0.500
     0.250
     0.000
     0.000
     0.750
     0.250
     0.250
     1.000
     0.500
     0.750
     0.750
     0.000
     0.000
     0.500
     0.750
     0.500
     0.500
     0.250
     0.250
     0.250
     0.750
     1.000
     0.000
     0.250
     0.250
     0.500
     0.000
     1.000
     0.500
     0.750
     0.500
     0.500
     1.250
     0.000
     1.500
     0.000
     0.750
     0.250
     0.750
     1.000
     0.750
     0.750
     0.500
     0.250
     1.250
     0.500
     0.500
     1.500
     0.750
     1.250
     0.250
     0.250
     0.250
     1.000
     1.500
     0.750
     0.500
     1.000
     0.250
     0.500
     0.250
     1.750
     0.750
     1.000
     1.250
     1.250
     0.750
     1.250
     1.750
     0.750
     0.500
     1.000
     1.250
     1.250
     0.500
     0.750
     1.000
     0.750
     0.500
     0.750
     1.250
     0.750
     0.750
     1.000
     1.250
     0.750
     0.250
     1.000
     1.250
     0.750
     0.750
     1.000
     0.500
     0.750
     0.250
     0.750
     1.750
     0.750
     1.250
     1.000
     0.500
     0.750
     1.250
     0.500
     1.500
     0.500
     0.750
     0.500
     0.500
     1.250
     0.250
     0.750
     0.500
     1.000
     0.500
     1.000
     1.000
     1.250
     0.750
     1.250
     0.750
     1.000
     1.250
     0.250
     1.000
     1.750
     1.000
     0.250
     0.750
     1.500
     1.250
     0.500
     0.750
     1.500
     0.500
     1.250
     0.250
     0.750
     1.500
     1.250
     0.500
     1.250
     0.500
     0.750
     0.750
     0.500
     0.500
     1.750
     0.500
     0.250
     1.500
     1.250
     1.000
     1.000
     1.000
     0.750
     0.500
     0.750
     0.000
     0.500
     1.000
     1.000
     1.750
     1.250
     0.750
     0.750
     1.000
     0.500
     0.750
     2.000
     0.750
     0.500
     0.750
     1.000
     2.250
     0.250
     0.750
     0.250
     1.000
     0.500
     1.250
     1.000
     0.250
     0.250
     1.000
     1.750
     0.750
     1.250
     0.500
     1.250
     1.250
     1.250
     1.250
     1.250
     1.000
     0.250
     2.000
     2.000
     0.750
     0.750
     1.000
     0.750
     0.250
     1.250
     0.250
     1.750
     1.750
     2.000
     1.500
     1.500
     1.000
     0.500
     1.000
     1.500
     0.750
     1.500
     0.500
     1.500
     1.000
     1.750
     0.750
     1.750
     0.000
     1.750
     0.750
     1.500
     0.750
     0.500
     1.000
     1.000
     1.000
     0.500
     1.000
     1.750
     1.750
     0.750
     1.000
     1.250
     0.250
     0.500
     1.250
     1.750
     0.750
     1.000
     1.000
     0.500
     0.500
     1.500
     1.250
     2.750
     1.750
     1.000
     1.250
     0.750
     2.000
     1.750
     2.000
     1.750
     1.250
     1.250
     1.250
     2.000
     1.750
     1.000
     1.500
     1.250
     1.500
     1.250
     2.500
     1.500
     2.000
     1.750
     2.250
     1.250
     1.500
     0.750
     1.250
     2.250
     1.500
     1.250
     1.750
     1.250
     0.750
     1.250
     1.000
     1.250
     0.750
     1.250
     2.250
     1.000
     0.250
     1.000
     1.000
     1.000
     1.750
     1.250
     2.250
     1.500
     1.500
     2.500
     0.500
     1.500
     1.250
     1.000
     2.250
     2.000
     1.000
     1.500
     1.250
     2.000
     1.000
     1.000
     1.500
     0.500
     1.750
     0.750
     1.250
     2.250
     1.000
     2.500
     2.250
     2.750
     2.250
     1.250
     1.500
     0.500
     2.000
     1.750
     0.500
     2.250
     2.500
     1.750
     0.250
     1.750
     0.500
     0.000
     2.750
     2.000
     2.250
     1.750
     1.000
     2.750
     2.750
     2.250
     1.500
     0.750
     1.000
     2.500
     1.500
     2.500
     1.500
     2.250
     4.500
     6.750
     4.500
     5.250
     5.250
     4.250
     3.750
     4.750
     4.250
     3.250
     1.000
     1.750
     2.000
     1.500
     1.750
     1.250
     2.500
     2.750
     2.500
     2.000
     2.000
     1.500
     3.000
     2.000
     3.250
     2.250
     3.250
     3.250
     1.500
     2.000
     3.500
     2.750
     5.250
     3.250
     3.500
     2.500
     3.250
     2.500
     2.000
     2.500
     3.000
     4.500
     1.000
     2.000
     1.500
     3.500
     2.500
     2.000
     2.250
     2.000
     1.000
     2.250
     1.000
     3.500
     1.750
     1.750
     2.500
     2.000
     2.750
     0.000
     0.750
     2.000
     1.750
     2.500
     2.500
     2.000
     2.750
     4.250
     2.000
     2.000
     1.750
     1.500
     2.250
     2.250
     2.250
     2.000
     2.250
     4.000
     1.750
     1.750
     2.000
     2.500
     2.500
     1.250
     1.250
     2.000
     2.500
     2.250
     2.500
     2.750
     3.250
     1.250
     2.250
     2.750
     3.000
     2.750
     3.250
     2.000
     2.250
     2.250
     4.750
     4.000
     2.250
     2.000
     1.250
     1.000
     2.250
     2.250
     1.500
     4.500
     3.500
     3.500
     2.750
     2.500
     2.500
     2.250
     3.000
     3.500
     3.500
     2.250
     3.000
     2.500
     1.750
     2.500
     1.750
     1.000
     2.500
     2.000
     2.000
     0.750
     2.500
     0.750
     2.750
     3.000
     3.750
     0.750
     2.500
     1.250
     2.750
     3.500
     3.250
     3.250
     2.500
     2.750
     1.750
     4.000
     4.500
     3.250
     2.750
     2.750
     2.500
     1.750
     2.250
     2.250
     3.250
     1.750
     2.750
     2.250
     0.750
     2.500
     2.500
     3.250
     3.500
     1.250
     3.750
     3.500
     0.750
     3.250
     3.750
     3.500
     3.250
     3.250
     3.750
     2.500
     4.250
     3.500
     3.500
     3.250
     3.000
     4.000
     3.500
     3.000
     3.750
     3.250
     3.500
     3.250
     3.750
     5.500
     2.750
     4.500
     4.750
     4.750
     6.000
     4.750
     5.000
     5.250
     2.500
     5.000
     7.500
     5.000
     4.500
     6.500
     4.250
     4.250
     6.750
     6.250
     6.000
     7.000
    10.500
     8.750
    13.750
    14.750
    20.750
    21.250
    36.001
    42.751
    85.002
   108.752
   162.003
   152.253
   196.504
   199.504
   138.253
   117.252
    82.502
    94.752
    77.252
    64.751
    69.751
    59.001
    50.001
    36.001
    29.501
    24.750
    14.000
    16.000
    15.000
    11.500
    11.000
     6.250
     8.500
     8.250
     5.500
     6.750
     6.750
     6.750
     5.250
     5.500
     7.000
     4.500
     6.500
     6.500
     5.000
     5.250
     7.000
     6.250
     5.500
     5.250
     4.250
     4.750
     5.500
     3.000
     4.250
     5.000
     4.750
     3.750
     3.500
     5.250
     4.250
     4.250
     4.250
     5.250
     4.750
     8.250
     6.250
     6.750
     4.000
     6.500
     5.500
     3.250
     4.250
     4.000
     4.500
     2.500
     4.000
     4.750
     4.750
     5.750
     7.000
     4.000
     3.750
     6.750
     7.000
     6.000
     9.000
     5.750
     5.750
     6.250
     4.500
     3.500
     4.000
     5.750
     6.000
     5.500
     6.750
     7.000
     4.250
     4.500
     3.750
     3.500
     4.000
     3.500
     4.500
     3.750
     4.250
     4.000
     2.750
     5.500
     4.000
     3.250
     3.250
     3.750
     3.500
     4.500
     4.250
     5.500
     5.750
     5.750
     5.500
     3.750
     6.250
     4.750
     6.250
     5.750
     7.750
     6.750
     7.250
     9.750
    10.750
     9.750
    20.000
    21.250
    38.501
    42.501
   100.252
   129.003
   145.253
   131.253
   127.753
   103.002
    70.251
    64.251
    37.751
    48.251
    34.501
    28.001
    30.751
    27.501
    34.001
    27.251
    30.751
    33.001
    25.501
    18.750
    14.500
    18.000
     9.000
    10.750
     9.000
    12.250
     6.750
     6.750
     6.500
     6.500
     6.250
     7.750
     6.750
     5.000
     3.000
     5.250
     6.250
     3.500
     5.000
     5.500
     5.000
     3.500
     7.250
     4.250
     5.250
     6.500
     7.250
     3.000
     4.250
     5.250
     6.250
     4.250
     5.000
     4.250
     4.000
     6.750
     7.750
    10.250
    10.250
     9.500
    15.750
    20.250
    36.501
    36.251
    59.751
    55.501
    54.501
    40.001
    35.251
    27.001
    19.500
    17.000
    13.250
    13.500
    10.250
     6.250
     7.250
     7.750
     9.000
     5.750
     8.000
     7.750
     5.000
     6.000
     6.500
     6.250
     6.750
     5.750
     5.500
     6.500
     8.250
     5.250
     6.500
     6.000
     6.000
     8.250
     5.750
     8.250
     3.750
     6.000
     6.500
     5.750
     5.500
     8.250
    10.250
     8.750
     8.000
     9.250
    10.250
    12.500
    19.250
    21.000
    39.751
    56.251
    89.502
    64.751
    73.501
    68.251
    53.751
    47.251
    32.001
    25.001
    16.250
    14.250
    18.000
    15.000
    14.250
     9.250
    13.250
    10.750
     9.000
    11.750
    10.750
     9.750
     9.500
    10.250
     8.250
     8.750
    10.000
     9.500
     8.250
     9.500
     7.500
     5.250
     5.750
     8.000
     5.750
     5.750
     5.250
     7.000
     9.250
     5.500
     9.000
     7.000
    10.500
     7.000
     8.000
     8.250
     9.000
     9.000
    12.500
    11.500
    15.750
    15.000
    15.750
    23.250
    28.501
    37.001
    63.251
    95.002
   183.004
   174.753
   219.254
   215.504
   192.754
   165.753
   122.002
   104.002
    61.501
    54.751
    43.501
    45.751
    29.251
    28.501
    19.750
    21.000
    19.500
    17.500
    18.750
    18.250
    18.250
    16.000
    16.000
    14.250
    17.000
    14.500
    18.000
    17.500
    13.000
    14.500
    16.000
    15.500
    19.250
    17.250
    22.250
    17.500
    18.000
    19.750
    19.250
    20.750
    26.751
    22.500
    25.751
    33.001
    40.001
    35.751
    61.501
    76.502
   158.503
   157.003
   229.755
   203.254
   201.504
   168.753
   143.503
   135.753
    84.002
    72.251
    57.001
    45.501
    38.251
    33.501
    35.251
    30.751
    25.251
    26.001
    22.250
    24.500
    18.250
    21.250
    21.000
    23.250
    20.750
    19.000
    20.500
    21.750
    18.250
    21.500
    22.750
    23.750
    25.751
    23.500
    25.501
    26.251
    32.001
    24.500
    28.751
    31.251
    31.251
    20.000
    17.000
    23.000
    14.250
    13.750
    14.500
    12.500
    11.750
     9.000
     9.250
     6.500
     8.750
     7.750
     7.750
    12.000
     8.750
     8.500
     5.750
     7.500
     6.500
     4.750
     5.000
    10.750
     6.750
     7.250
     6.000
     4.500
     7.000
     7.000
     8.500
     8.500
     7.000
     3.750
     6.750
     9.000
     7.750
     5.500
     8.000
     8.000
     8.750
     6.750
     8.500
     7.250
    10.000
    10.250
    11.250
    10.000
    10.500
    12.250
    15.250
    15.500
    18.000
    18.500
    26.251
    23.500
    36.001
    41.251
    60.501
    93.502
   186.254
   203.754
   281.256
   261.255
   257.255
   223.254
   198.754
   176.004
   121.502
    97.252
    63.251
    61.251
    40.501
    38.751
    28.001
    29.501
    23.250
    21.500
    19.250
    26.501
    14.500
    15.750
    19.250
    20.250
    17.750
    16.500
    19.000
    13.250
    12.500
    13.000
    15.500
    20.500
    16.000
    17.000
    15.500
    18.000
    13.750
    14.750
    18.000
    13.750
    14.500
    12.000
    16.500
    17.250
    17.750
    19.750
    16.500
    20.500
    18.250
    21.000
    21.000
    24.000
    20.500
    22.750
    19.500
    17.750
    17.750
    12.750
    13.000
    12.000
    13.000
    10.250
    12.250
     9.500
     9.250
     7.250
     8.250
     9.000
     6.250
     6.250
     5.000
     5.750
     8.250
     6.500
     5.250
     7.750
     7.500
     6.000
     4.250
     3.250
     5.750
     6.000
     4.000
     7.250
     6.750
     6.250
     4.250
     7.750
     5.250
     8.250
     6.500
     7.250
     6.250
     4.250
     5.500
     5.750
     8.000
     4.750
     6.750
     6.000
     6.250
     3.750
     7.750
     6.250
     7.000
     3.750
     6.500
     4.250
     7.250
     6.750
     5.500
     5.750
     7.250
     7.750
     7.000
     6.500
     7.750
     5.750
     5.750
     7.750
     8.500
     5.750
     9.250
     6.750
     6.500
    10.500
    11.500
    16.750
    16.500
    19.250
    22.750
    26.501
    43.501
    60.501
   112.252
   125.253
   125.753
   111.002
   102.252
   106.502
    84.752
    75.002
    51.751
    41.751
    39.501
    35.501
    29.001
    31.001
    35.751
    29.751
    27.751
    33.001
    33.251
    35.251
    34.501
    30.751
    31.751
    30.501
    29.751
    30.751
    42.251
    33.501
    35.251
    29.001
    31.001
    29.501
    32.751
    31.751
    33.251
    31.251
    35.751
    42.751
    63.251
    69.501
   118.752
   131.503
   145.753
   132.503
    98.252
   108.752
    88.502
    71.251
    48.251
    46.251
    27.251
    23.250
    17.000
    16.000
    12.750
    11.500
    11.500
     9.000
     9.500
     9.000
     7.500
     8.250
     8.000
     5.000
     7.250
     5.750
     8.750
     4.500
     6.750
     8.000
     7.750
     7.250
     8.250
     6.000
     5.250
     5.750
     4.750
     6.250
     7.250
     6.250
     7.500
     8.000
     7.000
     5.000
     8.500
     5.000
     9.500
     8.500
     8.750
     8.750
    13.500
    11.500
    22.250
    23.000
    32.751
    28.001
    32.751
    35.251
    27.001
    28.751
    22.750
    20.750
    17.250
    18.500
    11.750
    15.750
    10.750
     9.750
     6.250
     8.000
     9.250
     9.750
     7.250
     7.250
     7.250
     7.500
     5.000
     5.000
     6.750
     6.250
     8.250
     8.500
     5.500
     4.500
     9.000
     9.250
     9.250
     6.250
     5.750
     8.000
     7.000
     6.250
     7.000
     4.500
     8.500
     5.750
     6.000
     7.750
     5.750
     6.000
     4.500
     4.750
     5.250
     5.750
     5.000
     4.500
     5.750
     6.000
     5.500
     6.750
     4.250
     9.000
     5.750
     6.000
     7.000
     4.750
     4.000
     5.500
     5.750
     4.250
     7.500
     6.750
     8.000
     6.250
     6.250
     5.250
     5.750
     7.250
     7.750
     5.750
     8.000
     6.750
     6.000
     6.750
     5.750
     6.250
     5.000
     6.500
     5.750
     6.000
     6.500
     3.500
     7.250
     6.000
     5.750
     5.000
     5.750
     9.250
     6.500
     6.750
     6.250
     7.000
     7.500
     8.750
     9.500
     9.500
     7.750
     8.250
     6.000
     9.250
     7.250
     9.250
     9.250
     8.250
     8.500
     7.000
     7.500
     5.500
     7.250
     5.750
     7.000
     8.000
     5.500
     7.750
     8.250
     8.250
     6.250
     5.750
     7.000
     7.000
     3.750
     7.500
     5.000
     4.750
     7.000
     7.000
     6.500
     6.000
     5.500
     6.000
     7.250
     5.000
     4.250
     6.750
     6.250
     6.750
     5.750
     7.250
     9.250
     8.750
     8.000
    11.250
    10.000
     9.750
     9.750
    13.500
    19.000
    20.250
    39.751
    48.251
    69.751
    45.501
    52.501
    50.251
    51.751
    44.751
    38.001
    35.001
    23.500
    15.000
    14.750
    13.250
    10.000
    10.000
     8.750
    12.500
     9.250
     7.250
     8.250
     9.750
     6.000
     9.500
     6.750
     8.500
     6.500
     6.750
     8.250
     6.500
     5.750
     7.250
     7.000
     8.500
     7.750
     6.250
     7.250
     6.750
     8.000
     5.500
     8.000
     6.750
    11.500
     9.500
    10.000
    12.750
     9.500
    10.250
     8.500
    11.750
     8.750
     9.750
     8.250
     8.000
     8.250
     7.250
     8.250
     8.000
     6.500
     5.250
     5.750
     8.500
     6.000
     7.000
     7.750
     7.500
    10.250
     7.000
     6.250
     7.250
     6.000
     7.500
     7.250
     5.250
     6.500
     5.750
     5.750
     6.250
     4.750
     5.500
     8.750
     5.250
     5.750
     9.750
     6.500
     7.000
     6.000
     7.000
     9.500
     7.500
     8.750
     4.500
     6.000
     9.250
     6.500
     5.250
     8.500
     7.500
     7.250
     7.250
     6.750
     9.000
    12.250
    11.750
    11.000
    12.250
    10.250
    16.500
    18.750
    21.250
    30.751
    41.501
    61.251
    65.501
    68.251
    65.251
    51.501
    61.001
    51.751
    48.501
    38.751
    36.751
    29.001
    25.501
    20.750
    22.000
    14.500
    13.500
    14.750
    20.000
    14.500
    18.000
    16.500
    17.250
    19.000
    15.000
    13.000
    18.000
    14.000
    14.750
     9.000
    14.750
    14.250
    10.750
    12.750
    16.250
    17.500
    16.500
    27.501
    24.250
    25.501
    23.000
    19.750
    29.751
    23.250
    24.250
    20.000
    17.750
    13.000
    12.250
    12.500
     8.750
     9.000
     9.250
     9.000
     6.500
    11.750
    11.500
     8.500
    12.250
     7.500
    11.250
     6.500
     9.500
     9.750
    10.750
     8.250
     8.500
     9.500
     8.250
    11.500
     8.500
     8.500
    10.750
    14.000
    12.500
    13.500
    13.000
    14.250
    18.000
    24.500
    25.501
    31.251
    26.251
    26.751
    25.001
    27.001
    24.500
    20.750
    18.000
    18.250
    20.500
    13.750
    11.000
    11.250
    12.000
    17.250
    14.000
    13.750
    14.500
    15.750
    12.500
    18.000
    19.250
    20.250
    26.001
    22.250
    26.501
    47.501
    56.001
    87.752
   100.502
   109.252
    93.502
    77.502
    79.252
    86.752
    78.002
    58.751
    60.001
    37.501
    35.501
    25.001
    29.001
    19.500
    20.750
    19.000
    21.000
    19.500
    24.250
    23.000
    21.750
    21.000
    16.000
    19.750
    22.250
    22.500
    22.250
    21.500
    20.000
    24.750
    26.251
    29.251
    31.501
    23.500
    27.251
    25.251
    24.250
    22.750
    23.750
    23.500
    20.250
    17.250
    15.750
    14.500
    15.000
    15.750
    11.250
    14.000
    15.000
    14.750
    12.500
    12.000
    12.500
    13.500
    11.750
    12.250
    14.750
    12.500
    16.750
    15.500
    14.250
    11.000
    16.000
    13.500
    14.500
    13.500
    12.000
    14.000
    13.500
    18.000
    13.000
    10.750
    12.000
    15.250
    15.500
    15.000
    14.750
    12.500
    15.000
    14.000
    16.250
    17.750
    13.500
    18.000
    15.250
    17.500
    19.250
    21.750
    21.000
    21.000
    20.250
    36.001
    45.251
    42.001
    41.751
    52.501
    60.501
    84.752
    93.502
   169.253
   212.504
   306.506
   316.006
   347.257
   348.757
   286.006
   278.006
   246.505
   262.005
   221.504
   205.004
   142.253
   134.753
    96.252
    87.252
    65.251
    72.501
    46.751
    47.751
    40.251
    38.001
    37.251
    36.501
    32.501
    37.501
    28.501
    30.751
    28.501
    33.751
    36.751
    30.501
    35.251
    40.251
    39.001
    37.251
    36.251
    44.001
    54.251
    56.751
    76.252
   101.502
   139.503
   152.253
   163.503
   166.753
   174.003
   170.003
   191.504
   198.004
   199.254
   174.753
   151.253
   149.753
   121.002
   115.002
    99.752
   102.502
    71.501
    64.751
    51.001
    50.251
    40.751
    40.001
    37.501
    34.501
    32.501
    29.251
    21.250
    27.501
    17.750
    26.001
    22.500
    19.750
    23.500
    24.250
    18.250
    21.750
    19.750
    19.250
    20.500
    21.250
    14.750
    14.750
    16.250
    16.000
    18.500
    17.250
    19.750
    18.000
    17.500
    19.500
    15.000
    16.500
    19.000
    19.750
    16.250
    16.000
    17.750
    20.000
    18.250
    22.250
    19.000
    19.500
    21.500
    21.750
    27.251
    25.751
    24.500
    33.001
    34.001
    38.751
    56.751
    66.001
    86.752
    96.002
    86.752
    79.002
    71.251
    74.001
    66.751
    70.001
    59.501
    57.001
    39.751
    39.501
    37.501
    34.001
    36.001
    29.501
    22.500
    23.500
    21.750
    25.751
    27.251
    23.500
    22.250
    27.001
    22.000
    19.000
    24.000
    20.250
    23.500
    19.750
    15.500
    23.250
    14.250
    18.000
    11.750
    15.000
    14.000
    17.250
    14.250
    16.500
    18.000
    14.250
    13.000
    17.250
    15.000
    12.500
     9.500
    13.750
    13.750
    13.750
    12.000
    12.250
    11.250
    12.500
    10.250
    15.000
    14.000
    11.750
    13.250
    13.750
    13.000
    13.750
    12.750
    11.000
    11.750
    14.750
    14.250
    13.500
    14.500
    11.500
    15.000
    13.500
    14.500
    15.000
    12.000
    19.000
    16.500
    14.000
    12.750
    16.500
    11.250
    13.500
    13.750
    16.000
    26.751
    26.501
    29.001
    28.251
    27.501
    28.251
    20.000
    22.500
    21.500
    22.750
    24.500
    20.000
    18.250
    17.250
    13.500
    21.000
    14.750
    15.000
    16.000
    17.750
    14.750
    13.000
    10.500
    13.750
    14.500
    14.500
    12.500
    12.750
    15.500
    14.500
    12.250
    16.000
    14.750
    14.000
    17.500
    26.751
    26.001
    34.751
    38.251
    42.001
    32.751
    33.501
    29.751
    33.751
    34.251
    33.751
    24.250
    30.751
    20.500
    22.500
    21.500
    19.250
    18.250
    14.500
    17.500
    17.250
    17.250
    19.250
    12.000
    17.250
    15.750
    16.000
    17.250
    15.000
    17.500
    11.000
    13.000
    12.750
    13.000
    11.750
    14.500
    14.750
    12.500
    12.000
    13.750
    16.250
    12.500
    12.250
    10.250
    11.250
    10.000
    14.250
    10.000
    14.500
    11.000
    12.500
    10.750
    13.500
    12.250
    14.000
    10.250
     8.750
    12.750
    14.250
    13.000
    10.750
     8.750
    13.250
    12.750
    13.500
    14.000
    14.500
    11.000
    13.250
    12.500
    13.250
    10.000
    11.750
    12.250
    10.500
    12.750
    11.750
    12.250
     8.500
    12.750
    12.500
     8.500
    11.000
     8.750
    13.000
     8.250
    13.500
     7.750
    10.250
    10.500
     8.000
     8.000
     7.750
    12.500
     8.000
     8.000
     9.500
     8.000
    10.750
     9.500
     7.500
     8.500
     9.500
     8.500
     9.250
     6.500
     7.750
    12.500
    11.250
    12.000
    10.500
     9.750
    14.250
    13.000
     9.500
    10.500
    13.750
    11.500
    13.500
    17.000
    16.750
    17.750
    17.500
    29.001
    33.251
    55.001
    55.251
    69.001
    79.002
    66.251
    63.251
    55.501
    63.251
    60.501
    59.001
    53.001
    53.001
    42.251
    37.001
    31.251
    25.751
    25.751
    23.500
    21.000
    22.500
    16.750
    17.500
    15.250
    16.250
    11.250
    10.750
    13.000
     9.250
    13.000
    11.750
    12.750
     9.750
    12.750
    10.250
    11.750
    14.000
     9.500
    10.000
    11.000
    14.750
    12.000
    12.250
    13.250
    10.750
    13.750
    16.000
    11.500
    12.750
    14.750
    14.000
    14.000
    14.750
    16.500
    12.250
    15.500
    12.750
    13.750
    14.500
    11.250
    13.250
    11.500
    14.250
    14.500
    13.250
    15.500
    13.750
    18.250
    14.000
    15.250
    12.750
    17.500
    13.000
    15.500
    13.750
    13.250
    18.000
    15.250
    21.000
    23.250
    28.001
    33.251
    36.001
    33.751
    44.501
    48.251
    37.251
    35.001
    34.001
    39.501
    37.001
    28.751
    31.751
    30.251
    30.751
    24.250
    16.250
    21.000
    20.500
    15.750
    19.500
    13.750
    15.000
    13.250
    16.250
    13.750
    18.500
    16.500
    16.250
    15.250
    17.750
    12.750
    19.250
    18.750
    17.000
    18.250
    19.000
    20.750
    21.750
    16.250
    19.500
    18.750
    20.750
    23.500
    23.750
    27.001
    20.500
    24.500
    25.751
    26.751
    22.750
    23.750
    25.501
    25.251
    23.000
    24.000
    29.001
    24.750
    24.250
    30.001
    30.501
    34.501
    38.501
    47.001
    54.251
    60.251
    69.751
    66.251
    70.001
    70.501
    64.251
    71.501
    68.001
    57.501
    60.251
    47.501
    50.251
    42.001
    43.001
    33.501
    32.001
    30.001
    25.751
    18.250
    20.000
    14.250
    16.500
    12.250
    14.500
    13.250
    14.500
    14.000
    11.500
    12.250
    14.500
    10.500
    15.000
    13.250
    13.250
    10.750
    11.750
     9.250
    12.250
    11.250
    12.250
    13.000
    12.250
    11.500
    12.500
    10.750
    12.000
     8.750
    11.750
     6.250
    11.000
     9.500
    10.750
     8.000
     9.500
    10.750
    11.750
    12.250
     8.250
    10.250
    12.750
     9.750
     8.750
    13.500
    10.500
    12.500
    12.500
    10.000
    11.250
    10.250
    12.500
    13.500
    12.250
    14.750
    14.500
    11.750
    18.250
    14.250
    16.750
    16.750
    21.250
    22.250
    27.001
    24.500
    34.251
    35.001
    43.251
    38.501
    39.501
    34.251
    29.501
    28.001
    31.751
    31.251
    29.251
    25.501
    29.751
    22.250
    18.750
    20.250
    24.000
    19.250
    22.250
    25.001
    22.500
    22.250
    19.000
    15.250
    18.500
    18.250
    17.000
    16.000
    19.500
    16.750
    15.250
    13.250
    16.750
    15.500
    11.000
    10.250
    15.000
    11.500
    13.500
    11.000
    12.750
    12.000
    13.250
    14.500
    11.500
    12.500
    12.250
    10.000
    10.500
    13.000
    15.500
    14.750
    13.500
    16.250
    14.500
    14.250
    17.000
    19.750
    25.501
    25.001
    38.751
    35.251
    39.251
    33.751
    44.251
    48.501
    58.001
    67.751
    84.502
    88.002
    86.502
    74.001
    77.752
    66.501
    60.251
    56.251
    64.001
    63.001
    57.001
    51.251
    47.001
    40.001
    39.001
    40.251
    47.251
    57.001
    63.001
    62.001
    60.251
    56.501
    53.501
    48.251
    51.001
    42.501
    43.501
    37.251
    41.251
    37.251
    32.001
    27.001
    25.501
    21.500
    22.000
    21.500
    23.000
    22.000
    18.500
    12.000
    15.250
    12.500
    16.250
    12.000
    14.500
    13.750
    12.250
    11.000
    13.500
    12.000
    15.000
    12.750
    15.750
    11.750
    14.750
     9.500
     8.750
    12.750
    11.500
    12.500
    12.250
     9.500
    13.250
    14.250
    13.500
    15.000
    14.000
    13.000
    14.000
    10.000
    12.500
    13.000
    14.500
    16.000
    13.750
    13.000
    14.500
    12.250
    14.500
    13.500
    16.750
    17.000
    15.000
    14.250
    18.500
    19.000
    17.500
    19.750
    22.250
    21.500
    17.500
    23.500
    21.500
    23.500
    22.000
    26.001
    27.251
    32.501
    39.501
    33.001
    43.751
    45.501
    40.501
    36.501
    33.001
    31.251
    35.001
    29.751
    36.751
    27.501
    28.751
    24.500
    28.751
    21.750
    18.750
    16.250
    17.750
    14.000
    15.000
    13.750
    15.250
    12.500
    20.250
    16.750
    12.500
    12.000
    11.750
    14.250
    15.750
    11.250
    15.250
     9.500
     9.500
    14.000
    12.250
     9.250
    11.250
    13.750
    10.000
    14.000
    11.750
    10.500
    11.750
    12.750
    10.750
    11.250
    11.750
    12.000
     9.500
    10.750
    13.250
    14.750
    15.750
    12.250
    10.000
    12.250
    15.000
    17.250
    14.500
    20.750
    19.250
    20.750
    13.500
    17.000
    16.750
    19.000
    16.750
    16.000
    15.750
    16.250
    16.250
    11.500
    13.750
    15.750
    12.000
    13.500
    11.750
    13.500
    15.750
    10.750
    14.250
    14.000
    11.000
    10.750
    15.750
    10.750
    12.500
    11.500
     9.250
    14.750
    16.250
    11.250
     8.500
    11.750
    13.500
    15.250
     9.000
    14.000
    15.250
    12.500
    15.250
    13.500
    17.500
    15.250
    15.250
    12.250
    17.250
    13.250
    16.250
    10.250
    14.500
    16.500
    15.000
    15.000
    15.500
     9.750
    13.750
    16.250
    12.750
    14.500
    12.000
    13.000
    13.000
    11.000
    16.000
    13.750
    14.000
    12.750
    13.750
    16.500
    15.250
    13.000
    16.250
    12.750
    12.500
    14.250
    15.750
    14.500
    15.250
    14.500
    14.000
    13.750
    13.250
    12.000
    15.500
    13.250
    16.000
    11.250
    13.250
    13.500
    14.500
    17.000
    13.250
    20.500
    19.000
    16.000
    17.000
    21.500
    20.500
    19.250
    26.501
    24.250
    32.251
    35.251
    40.751
    50.251
    59.501
    70.501
    90.002
    88.252
    89.252
    66.001
    74.501
    67.001
    53.501
    59.751
    64.001
    59.251
    61.251
    47.501
    56.751
    36.251
    33.251
    33.501
    27.751
    24.000
    21.250
    21.500
    18.750
    18.500
    21.500
    21.250
    23.000
    20.750
    21.750
    17.750
    22.000
    17.500
    18.250
    17.500
    16.250
    17.750
    18.250
    18.500
    20.500
    18.250
    21.250
    15.750
    18.500
    17.750
    15.500
    13.750
    10.750
    15.500
    19.750
    14.250
    18.250
    16.750
    16.000
    16.000
    20.750
    19.500
    19.500
    20.250
    20.000
    24.750
    24.000
    28.251
    34.001
    37.501
    45.501
    41.501
    53.001
    51.001
    43.251
    39.751
    39.251
    41.751
    36.501
    41.501
    48.501
    46.251
    43.501
    43.251
    41.001
    36.501
    36.751
    30.251
    36.751
    28.751
    28.251
    29.251
    27.501
    27.501
    23.750
    20.250
    21.750
    22.500
    20.500
    18.500
    22.500
    18.500
    13.250
    13.500
    21.250
    19.500
    19.750
    17.500
    17.000
    17.500
    21.500
    17.500
    20.000
    20.250
    21.000
    16.500
    16.750
    19.250
    17.000
    17.250
    19.500
    20.250
    20.500
    18.500
    20.250
    23.000
    19.000
    17.250
    19.500
    20.250
    26.001
    32.001
    47.001
    54.251
    65.251
    59.251
    60.751
    55.001
    49.001
    41.751
    35.501
    36.501
    36.001
    37.001
    44.001
    40.001
    38.251
    32.251
    31.751
    23.750
    23.500
    19.750
    22.000
    19.750
    22.750
    18.500
    21.000
    19.750
    17.750
    19.000
    24.000
    21.750
    22.250
    31.001
    30.001
    34.501
    41.251
    41.251
    43.501
    34.001
    35.751
    27.501
    32.751
    26.001
    29.751
    32.001
    29.751
    27.751
    27.501
    21.250
    22.000
    19.250
    26.001
    18.500
    15.500
    20.500
    17.750
    18.500
    18.500
    11.750
    16.500
    14.750
    13.500
    12.250
    15.500
    14.000
    12.750
    18.500
    15.500
    17.000
    16.250
    14.250
    16.000
    14.000
    16.000
    17.500
    17.750
    12.000
    20.500
    18.250
    15.750
    22.750
    20.750
    14.750
    21.000
    13.750
    23.000
    16.000
    26.501
    23.250
    23.000
    28.251
    30.251
    30.251
    29.501
    30.751
    37.251
    34.751
    34.501
    31.501
    42.501
    33.751
    38.751
    47.501
    59.751
    61.001
    64.001
    64.001
    54.001
    46.501
    45.501
    42.001
    43.501
    38.501
    41.251
    44.501
    37.501
    39.251
    33.001
    29.501
    34.251
    23.250
    28.251
    27.001
    23.750
    23.000
    20.500
    21.250
    25.001
    27.751
    29.001
    27.501
    31.501
    32.501
    38.001
    45.251
    50.001
    43.001
    45.251
    42.501
    36.001
    27.251
    32.251
    36.501
    35.251
    33.001
    35.751
    30.751
    33.751
    32.751
    34.251
    28.501
    20.250
    21.000
    25.251
    26.751
    21.500
    19.750
    23.250
    26.751
    22.250
    26.001
    19.500
    28.501
    28.501
    23.250
    26.001
    22.250
    20.000
    22.000
    23.500
    22.000
    23.500
    21.750
    20.500
    21.500
    24.750
    19.250
    20.500
    19.750
    26.001
    20.250
    18.750
    25.001
    28.251
    26.501
    33.751
    30.001
    33.501
    38.751
    51.001
    46.251
    45.251
    39.751
    44.001
    53.251
    47.751
    48.001
    48.751
    57.001
    54.751
    55.001
    60.751
    55.751
    49.751
    47.251
    49.251
    45.501
    47.501
    39.251
    41.501
    40.251
    34.501
    39.251
    35.751
    34.251
    34.751
    25.001
    30.501
    28.501
    23.500
    30.251
    24.750
    19.500
    19.750
    20.500
    17.000
    20.500
    23.000
    16.000
    21.000
    21.500
    18.500
    18.750
    23.750
    18.000
    20.000
    15.750
    23.000
    18.500
    18.000
    20.750
    22.250
    17.750
    21.250
    19.500
    23.250
    20.500
    27.751
    22.750
    28.751
    34.251
    42.751
    35.251
    32.751
    33.751
    38.751
    35.501
    40.751
    38.251
    44.251
    40.001
    41.751
    40.001
    43.001
    38.001
    36.251
    40.251
    35.251
    30.001
    33.251
    28.751
    33.001
    26.251
    37.251
    31.751
    38.501
    33.501
    44.751
    35.501
    47.001
    41.501
    43.001
    42.751
    36.251
    34.001
    36.251
    33.501
    35.751
    32.001
    33.001
    33.251
    28.501
    24.750
    23.500
    25.251
    21.000
    16.500
    22.500
    22.500
    20.000
    21.000
    19.250
    17.750
    13.750
    16.750
    16.500
    22.500
    21.000
    19.000
    19.750
    24.750
    24.000
    23.250
    21.000
    21.750
    20.250
    22.250
    25.751
    22.250
    31.001
    24.500
    26.501
    29.501
    25.251
    29.751
    25.251
    27.751
    21.500
    23.000
    24.750
    27.501
    27.251
    25.501
    31.501
    30.501
    30.001
    28.751
    31.001
    22.000
    24.500
    21.500
    24.750
    22.500
    22.000
    22.500
    20.250
    20.500
    24.250
    18.750
    14.000
    17.500
    16.750
    19.750
    14.500
    18.250
    14.750
    17.500
    16.250
    16.250
    15.000
    17.000
    13.750
    18.750
    16.250
    15.500
    15.250
    18.000
    20.500
    17.250
    15.000
    14.750
    16.500
    19.750
    14.750
    14.250
    15.000
    17.000
    17.250
    17.000
    14.750
    20.750
    17.000
    21.000
    15.500
    13.500
    21.250
    20.250
    21.250
    19.000
    26.501
    21.750
    25.001
    22.250
    23.000
    25.251
    23.000
    18.500
    24.750
    20.750
    23.250
    24.000
    21.750
    21.000
    20.750
    19.250
    20.750
    17.750
    14.750
    19.250
    17.750
    15.000
    14.000
    14.750
    15.500
    13.750
    17.250
    19.250
    16.750
    15.250
    15.250
    15.250
    15.750
    13.750
    14.500
    14.000
    14.500
    15.250
    17.500
    17.250
    14.250
    11.500
    15.500
    16.500
    17.000
    19.500
    14.250
    15.500
    15.250
    16.000
    15.500
    16.250
    11.500
    13.250
    15.750
    20.250
    17.250
    18.250
    18.000
    17.250
    16.250
    16.250
    21.750
    21.500
    26.001
    26.251
    28.751
    26.501
    37.501
    37.001
    38.501
    31.501
    33.001
    23.750
    27.501
    27.001
    24.250
    29.501
    27.501
    32.751
    25.001
    26.251
    24.000
    23.250
    23.250
    18.250
    20.750
    19.500
    20.500
    18.500
    17.500
    17.250
    20.750
    17.750
    21.250
    22.000
    23.000
    18.000
    17.250
    19.000
    21.750
    22.750
    18.000
    17.500
    18.000
    22.000
    20.000
    24.750
    23.000
    19.500
    22.000
    21.750
    27.501
    28.001
    25.251
    23.000
    32.251
    30.751
    31.001
    28.251
    31.001
    29.251
    26.501
    32.751
    24.500
    24.000
    27.001
    25.001
    24.250
    22.000
    26.001
    27.251
    22.750
    23.250
    20.000
    24.000
    27.251
    24.250
    22.750
    20.750
    22.750
    20.250
    17.500
    19.000
    20.500
    22.500
    23.000
    20.500
    22.750
    21.000
    17.750
    17.750
    19.750
    20.250
    20.250
    16.250
    20.500
    25.001
    22.250
    21.500
    25.251
    20.500
    22.750
    23.250
    24.500
    21.750
    21.750
    20.500
    20.500
    23.750
    23.000
    24.500
    19.250
    23.000
    15.750
    19.750
    16.750
    18.500
    22.000
    20.000
    26.751
    24.750
    27.001
    21.500
    22.500
    17.250
    22.750
    20.750
    25.001
    20.000
    25.251
    27.251
    24.750
    20.500
    30.251
    26.251
    19.250
    22.750
    20.750
    23.750
    26.251
    22.250
    26.001
    24.000
    30.001
    29.001
    31.501
    30.251
    29.501
    31.251
    34.501
    27.001
    28.251
    21.000
    21.500
    26.251
    22.500
    26.751
    20.000
    21.750
    22.000
    22.750
    18.500
    19.250
    23.000
    15.750
    16.750
    15.500
    18.250
    15.500
    17.750
    18.500
    20.250
    21.250
    23.000
    17.250
    19.750
    20.500
    18.000
    13.750
    21.250
    19.500
    18.500
    17.250
    15.750
    20.000
    20.750
    18.750
    18.000
    15.000
    17.250
    18.250
    19.750
    23.500
    21.000
    19.500
    19.750
    25.751
    23.750
    16.250
    18.750
    18.250
    17.500
    13.500
    15.750
    16.750
    17.000
    18.000
    18.750
    15.250
    18.000
    18.500
    15.750
    12.250
    16.250
    16.250
    15.500
    11.000
    18.000
    13.250
    12.000
    13.000
    13.250
    12.750
    21.250
    17.000
    15.250
    16.000
    21.750
    20.250
    20.000
    24.500
    34.751
    31.251
    41.251
    37.251
    47.001
    45.251
    51.001
    37.001
    43.501
    37.251
    34.001
    36.751
    31.501
    25.751
    34.501
    35.001
    37.251
    33.751
    41.251
    35.251
    33.001
    29.751
    30.001
    26.501
    26.001
    23.750
    30.251
    23.000
    23.250
    20.500
    21.250
    22.000
    18.000
    22.000
    17.250
    17.250
    16.250
    17.000
    16.250
    18.250
    17.250
    14.500
    18.000
    14.250
    15.500
    15.750
    16.500
    15.000
    16.000
    17.750
    13.500
    11.750
    12.750
    16.250
    17.250
    11.500
    17.500
    11.000
    13.500
    14.500
    17.000
    13.000
    15.500
    15.000
    15.250
    15.000
    16.500
    15.000
    16.250
    17.750
    16.750
    15.000
    14.500
    12.250
    14.750
    13.500
    14.250
    15.750
    14.000
    17.500
    14.500
    16.250
    18.750
    13.750
    16.500
    17.500
    18.500
    22.250
    20.750
    25.751
    24.500
    20.000
    18.750
    24.500
    20.000
    20.000
    17.250
    19.000
    20.750
    16.500
    23.000
    21.500
    17.500
    20.000
    17.750
    18.750
    20.000
    12.750
    18.000
    20.250
    18.500
    14.750
    18.250
    14.750
    16.250
    17.000
    17.000
    16.500
    17.250
    17.750
    13.500
    16.000
    17.500
    13.750
    17.250
    18.250
    18.500
    14.000
    18.250
    17.500
    16.250
    18.250
    20.000
    23.500
    25.251
    22.500
    24.000
    29.001
    26.001
    26.001
    21.500
    24.500
    23.250
    23.750
    27.251
    31.501
    26.251
    29.251
    37.001
    28.501
    36.001
    32.001
    24.250
    27.501
    25.251
    29.501
    24.750
    21.250
    23.000
    20.667
    20.334
    21.667
    20.334
    18.334
    22.667
    26.334
    22.667
    22.334
    16.667
    19.000
    20.334
    14.667
    19.667
    14.667
    17.334
    17.000
    16.334
    19.000
    15.667
    17.000
    15.000
    22.000
    14.000
    18.000
    19.000
    15.667
    22.000
    16.000
    16.667
    12.334
    15.667
    12.334
    16.000
    15.000
    17.334
    13.667
    16.334
    15.334
    18.334
    15.000
    15.334
    17.667
    13.334
    12.667
    13.667
    10.667
    13.667
    13.334
    12.667
    14.667
     9.334
    14.334
    17.334
    14.667
    13.334
    16.000
    14.334
    15.334
    14.000
    13.000
    17.334
    15.334
    18.667
    14.000
    16.000
    13.334
    20.000
    20.334
    16.667
    14.000
    23.334
    18.000
    20.667
    20.334
    24.667
    27.001
    30.001
    33.334
    46.334
    38.001
    39.001
    38.667
    33.667
    35.334
    32.001
    29.001
    38.334
    31.667
    31.001
    29.001
    33.667
    30.001
    39.001
    38.334
    34.667
    28.001
    31.334
    33.001
    25.001
    24.000
    25.667
    24.334
    21.667
    24.667
    20.334
    20.334
    24.000
    16.667
    21.000
    26.667
    20.667
    16.000
    18.000
    21.667
    18.334
    19.334
    21.667
    19.334
    15.667
    16.000
    15.667
    19.000
    19.334
    13.000
    17.000
    19.000
    17.334
    13.000
    11.334
    15.334
    15.334
    13.667
    12.334
    15.000
    15.667
    17.000
    15.000
    16.334
    17.667
    17.334
    15.000
    15.667
    14.000
    15.000
    13.000
    14.000
    12.667
    19.667
    16.000
    18.000
    14.334
    15.334
    15.334
    20.334
    21.334
    19.334
    20.667
    19.334
    21.000
    15.667
    18.334
    22.000
    22.667
    26.001
    27.001
    30.334
    33.667
    29.667
    32.001
    27.667
    25.667
    26.334
    22.334
    29.334
    26.667
    27.001
    21.667
    24.000
    26.001
    20.000
    24.667
    27.667
    28.667
    20.667
    21.667
    21.667
    17.000
    17.000
    20.667
    19.334
    22.667
    19.667
    21.667
    18.334
    22.000
    18.334
    17.334
    16.334
    16.334
    16.334
    19.667
    17.334
    15.000
    14.667
    12.000
    15.334
    12.667
    17.667
    21.000
    17.667
    20.334
    15.000
    20.334
    21.000
    25.001
    18.667
    24.000
    22.667
    24.000
    20.334
    21.334
    17.667
    18.000
    18.334
    18.000
    19.334
    21.334
    19.334
    19.667
    18.000
    16.667
    16.334
    20.667
    21.000
    13.000
    15.334
    19.000
    16.667
    15.334
    16.000
    21.667
    18.000
    17.000
    21.334
    20.334
    17.000
    20.334
    14.334
    23.000
    19.000
    21.667
    18.667
    21.667
    20.334
    21.000
    27.667
    24.334
    31.667
    28.667
    36.334
    34.667
    36.001
    37.334
    39.667
    37.001
    36.334
    29.667
    33.667
    23.667
    28.334
    26.334
    29.667
    29.667
    26.667
    36.334
    34.334
    29.001
    24.667
    26.667
    27.334
    24.334
    37.334
    30.001
    27.667
    30.334
    26.001
    28.334
    27.334
    24.667
    24.000
    19.334
    18.000
    22.667
    22.000
    21.667
    23.000
    27.667
    26.667
    20.000
    23.000
    25.334
    17.000
    21.000
    19.334
    20.000
    21.667
    19.000
    16.667
    22.334
    19.334
    16.667
    20.667
    17.667
    21.000
    22.334
    21.000
    21.667
    19.000
    23.000
    22.334
    22.667
    24.667
    23.667
    22.667
    20.334
    21.000
    18.667
    17.000
    23.334
    16.667
    20.334
    17.000
    24.334
    21.334
    16.334
    15.000
    24.000
    17.000
    21.000
    16.000
    14.667
    14.667
    14.000
    17.000
    13.667
    16.667
    19.667
    18.334
    14.334
    19.667
    18.334
    16.334
    17.000
    17.000
    13.667
    14.000
    21.667
    20.334
    13.334
    15.334
    14.667
    12.334
    13.667
    20.334
    18.000
    15.000
    18.000
    19.667
    19.667
    18.334
    16.334
    20.667
    27.001
    23.000
    21.667
    22.334
    18.334
    20.000
    21.667
    24.000
    18.334
    18.000
    18.667
    17.000
    20.334
    24.334
    24.334
    29.667
    24.334
    25.001
    32.667
    23.667
    28.001
    32.334
    29.001
    35.001
    31.001
    38.334
    30.334
    32.001
    34.334
    40.334
    35.334
    33.667
    33.001
    29.334
    30.001
    27.667
    29.334
    31.667
    34.001
    29.667
    32.334
    26.334
    30.001
    28.667
    28.334
    30.001
    21.000
    28.001
    24.334
    22.334
    24.334
    22.334
    22.334
    19.334
    20.667
    20.334
    20.000
    20.667
    26.334
    17.334
    23.334
    23.667
    25.001
    22.667
    29.667
    25.667
    25.334
    19.667
    19.000
    21.667
    21.000
    18.334
    21.334
    23.000
    19.667
    14.667
    23.334
    17.667
    19.000
    18.334
    18.334
    18.667
    15.334
    18.000
    18.667
    19.000
    13.667
    14.334
    17.000
    14.334
    23.667
    14.000
    19.000
    21.000
    16.334
    14.334
    15.000
    18.334
    21.667
    15.334
    17.667
    15.334
    16.000
    16.334
    18.000
    19.334
    22.000
    19.667
    20.000
    15.334
    23.667
    17.667
    18.000
    19.334
    20.000
    27.001
    29.667
    24.667
    36.001
    39.334
    33.001
    35.334
    35.667
    32.334
    40.001
    37.001
    32.667
    35.334
    27.667
    26.001
    29.334
    27.334
    26.667
    36.001
    28.334
    27.667
    34.001
    29.001
    29.001
    27.667
    25.667
    26.001
    28.001
    26.667
    23.334
    30.001
    25.334
    26.001
    22.334
    22.000
    27.001
    21.334
    21.667
    27.334
    27.334
    23.667
    24.334
    21.667
    26.667
    25.001
    20.667
    28.001
    25.334
    18.667
    24.334
    23.667
    23.000
    23.000
    25.334
    28.667
    27.334
    30.001
    35.334
    34.001
    38.001
    41.668
    39.667
    45.334
    37.667
    28.001
    32.334
    38.334
    41.001
    37.001
    26.001
    44.001
    34.667
    43.668
    40.667
    50.001
    39.667
    42.668
    42.001
    52.668
    41.668
    38.001
    33.334
    35.001
    27.334
    27.334
    30.001
    31.667
    35.334
    30.667
    30.667
    33.001
    31.001
    27.334
    24.667
    30.667
    27.001
    26.667
    28.001
    30.001
    18.334
    27.001
    30.001
    28.334
    21.667
    31.001
    28.001
    28.334
    29.667
    27.334
    33.667
    36.667
    35.667
    35.001
    37.334
    41.668
    40.334
    33.334
    38.001
    38.667
    40.667
    35.001
    39.667
    33.334
    31.667
    29.334
    37.667
    32.001
    28.334
    30.334
    32.334
    36.001
    32.334
    24.000
    34.667
    33.334
    29.667
    31.001
    28.667
    26.334
    30.001
    36.667
    30.667
    39.001
    41.001
    35.334
    39.334
    46.001
    52.334
    39.667
    50.334
    41.668
    39.667
    37.667
    34.334
    46.334
    38.334
    39.334
    32.334
    31.667
    37.334
    37.334
    34.334
    33.667
    36.001
    35.001
    31.334
    33.334
    25.667
    27.667
    28.334
    30.667
    26.667
    24.667
    26.001
    26.334
    24.334
    24.334
    24.334
    20.667
    26.334
    24.000
    27.667
    23.667
    24.334
    26.667
    23.334
    32.667
    22.667
    33.334
    27.667
    24.000
    25.667
    19.000
    19.334
    24.334
    24.667
    25.001
    19.334
    25.001
    24.334
    18.667
    27.334
    25.334
    28.667
    26.334
    23.667
    25.334
    23.334
    25.667
    20.000
    21.334
    27.334
    26.334
    19.000
    20.667
    21.334
    20.334
    19.667
    21.667
    21.667
    22.334
    26.001
    18.334
    20.334
    23.667
    15.334
    22.334
    16.334
    18.000
    18.000
    18.334
    16.334
    15.000
    21.334
    26.001
    18.667
    22.334
    20.000
    17.000
    17.334
    19.000
    15.334
    15.334
    18.334
    22.667
    16.000
    21.000
    19.000
    17.667
    18.334
    20.667
    21.667
    24.334
    23.000
    20.000
    25.667
    25.001
    28.667
    27.334
    32.667
    26.334
    23.667
    28.667
    31.334
    34.001
    30.667
    29.001
    26.667
    26.001
    25.001
    28.001
    26.667
    22.667
    21.667
    21.334
    25.667
    23.000
    22.000
    27.334
    25.001
    24.667
    26.334
    23.667
    29.667
    23.334
    24.334
    21.000
    23.334
    23.334
    18.334
    21.334
    19.334
    22.334
    19.000
    23.667
    24.334
    22.667
    23.334
    24.667
    24.000
    23.667
    18.334
    23.334
    22.334
    26.001
    20.667
    24.334
    23.000
    19.334
    25.667
    21.667
    25.001
    22.334
    23.000
    24.334
    27.001
    22.000
    21.334
    24.334
    23.667
    21.667
    21.000
    22.334
    18.000
    24.334
    23.667
    17.667
    21.334
    26.334
    24.000
    26.001
    20.334
    14.667
    20.334
    19.334
    20.667
    16.334
    22.667
    20.334
    20.334
    18.334
    16.000
    19.000
    23.334
    18.667
    22.667
    17.667
    21.334
    18.000
    18.667
    15.334
    17.334
    20.000
    18.667
    15.334
    12.667
    21.667
    15.334
    16.334
    15.667
    16.667
    18.667
    15.000
    18.667
    19.000
    18.334
    18.667
    19.667
    16.000
    15.667
    20.667
    18.334
    22.000
    13.334
    15.000
    20.000
    18.667
    18.667
    16.000
    17.334
    16.334
    20.000
    16.667
    18.334
    22.000
    20.334
    19.667
    14.667
    17.667
    21.000
    20.334
    20.334
    19.000
    19.334
    19.000
    22.334
    19.334
    16.667
    22.000
    16.000
    20.334
    18.667
    15.667
    18.667
    18.334
    20.000
    18.000
    15.334
    19.667
    14.000
    16.334
    16.334
    14.000
    15.667
    19.667
    21.667
    17.667
    19.334
    22.000
    17.000
    17.334
    11.334
    15.667
    14.667
    17.000
    16.334
    16.334
    17.000
    14.000
    19.667
    18.334
    18.667
    19.334
    20.000
    16.334
    26.334
    20.334
    22.334
    24.334
    18.667
    27.001
