5.0000 0.0200 100.0000
     0.857
     0.000
     0.143
     0.000
     0.286
     0.000
     0.286
     0.000
     0.286
     0.143
     0.000
     0.000
     0.429
     0.000
     0.286
     0.000
     0.286
     0.000
     0.143
     0.000
     0.286
     0.000
     0.000
     0.000
     0.143
     0.000
     0.000
     0.000
     0.286
     0.000
     0.286
     0.000
     0.571
     0.000
     0.286
     0.000
     0.143
     0.000
     0.000
     0.143
     0.143
     0.000
     0.286
     0.000
     0.000
     0.000
     0.000
     0.000
     0.286
     0.000
     0.143
     0.000
     0.000
     0.143
     0.000
     0.000
     0.429
     0.000
     0.143
     0.000
     0.000
     0.000
     0.714
     0.000
     0.286
     0.000
     0.143
     0.000
     0.286
     0.000
     0.571
     0.000
     0.286
     0.000
     0.000
     0.000
     0.000
     0.000
     0.143
     0.000
     0.286
     0.000
     0.143
     0.000
     0.000
     0.143
     0.000
     0.000
     0.286
     0.000
     0.000
     0.000
     0.286
     0.000
     0.143
     0.000
     0.429
     0.000
     0.286
     0.143
     0.429
     0.000
     0.000
     0.143
     0.143
     0.000
     0.000
     0.000
     0.000
     0.143
     0.000
     0.000
     0.286
     0.000
     0.286
     0.000
     0.429
     0.000
     0.000
     0.000
     0.000
     0.000
     0.429
     0.143
     0.143
     0.000
     0.143
     0.000
     0.143
     0.000
     0.000
     0.000
     0.143
     0.000
     0.143
     0.000
     0.143
     0.000
     0.143
     0.000
     0.000
     0.000
     0.143
     0.000
     0.143
     0.143
     0.143
     0.000
     0.286
     0.000
     0.143
     0.143
     0.000
     0.000
     0.429
     0.000
     0.286
     0.000
     0.143
     0.000
     0.000
     0.286
     0.143
     0.000
     0.000
     0.000
     0.143
     0.143
     0.429
     0.000
     0.143
     0.143
     0.286
     0.000
     0.143
     0.000
     0.571
     0.000
     0.286
     0.000
     0.286
     0.286
     0.286
     0.000
     0.286
     0.000
     0.143
     0.000
     0.286
     0.000
     0.286
     0.000
     0.571
     0.000
     0.286
     0.143
     0.143
     0.000
     0.571
     0.143
     0.571
     0.000
     0.429
     0.000
     0.286
     0.143
     0.429
     0.000
     0.429
     0.286
     0.143
     0.000
     0.429
     0.143
     0.429
     0.286
     0.571
     0.286
     0.286
     0.143
     0.857
     0.429
     0.429
     0.143
     0.571
     0.143
     0.571
     0.143
     0.857
     0.429
     0.143
     0.429
     0.429
     0.286
     0.143
     0.571
     0.571
     0.571
     0.857
     0.714
     0.429
     0.571
     0.571
     0.286
     0.143
     0.429
     0.143
     0.571
     1.286
     0.714
     1.000
     0.286
     0.429
     0.857
     0.857
     0.429
     0.857
     0.571
     0.857
     0.857
     1.429
     0.571
     0.571
     0.286
     0.857
     0.714
     1.000
     0.286
     1.143
     0.571
     0.714
     0.714
     0.429
     1.000
     0.714
     0.857
     0.714
     1.571
     1.143
     1.286
     1.429
     0.571
     0.143
     0.857
     0.429
     0.571
     0.286
     0.286
     1.857
     1.000
     0.571
     0.857
     0.714
     1.429
     1.429
     1.429
     0.571
     0.143
     1.000
     1.000
     2.143
     0.714
     1.571
     0.571
     0.714
     0.857
     2.000
     0.714
     1.571
     1.286
     1.286
     0.429
     0.429
     1.286
     1.000
     1.143
     2.000
     1.429
     2.000
     1.429
     1.143
     0.857
     1.857
     1.286
     0.857
     1.714
     1.429
     0.429
     1.429
     1.571
     1.429
     0.857
     0.857
     1.143
     1.429
     0.714
     0.714
     1.429
     0.714
     1.286
     0.714
     1.143
     0.714
     1.143
     0.857
     1.429
     1.714
     1.000
     0.714
     1.143
     1.143
     1.143
     1.286
     1.714
     1.286
     1.286
     2.000
     0.571
     1.000
     0.857
     2.429
     2.000
     1.714
     1.429
     1.000
     1.286
     1.429
     1.429
     0.571
     1.000
     1.857
     0.571
     1.143
     2.143
     2.000
     1.000
     1.286
     1.571
     1.857
     1.286
     1.571
     2.000
     2.143
     1.143
     2.571
     1.143
     1.714
     0.857
     1.857
     1.286
     1.714
     1.286
     1.286
     1.143
     2.286
     1.286
     1.429
     1.286
     2.429
     0.143
     1.857
     2.000
     1.714
     0.714
     1.571
     1.714
     1.286
     1.286
     1.571
     2.286
     1.571
     1.000
     2.286
     1.714
     1.429
     1.000
     1.429
     0.714
     2.143
     1.286
     1.286
     1.571
     1.714
     1.714
     2.429
     1.286
     4.000
     1.143
     1.857
     1.286
     2.286
     1.571
     1.857
     1.286
     2.714
     1.429
     2.143
     2.429
     2.571
     2.000
     2.286
     2.143
     2.429
     3.286
     3.143
     7.429
     8.714
     6.572
     5.572
     4.572
     4.572
     5.286
     5.286
     6.000
     4.429
     6.000
     3.714
     3.857
     3.857
     3.286
     3.143
     3.429
     3.000
     2.714
     3.286
     8.714
    10.000
    10.857
     9.143
     8.143
     8.000
     7.429
     6.572
     7.714
     6.286
     5.000
     6.572
     4.857
     6.143
     2.857
     4.429
     2.714
     2.571
     2.000
     2.571
     2.286
     2.571
     1.571
     3.572
     3.000
     3.572
     1.571
     2.143
     3.714
     2.857
     3.143
     2.286
     3.143
     5.000
     8.429
     3.572
     9.000
    10.143
     7.429
     6.143
     5.714
     8.572
     4.286
     5.857
     4.286
     5.286
     3.857
     4.857
     3.572
     3.857
     2.429
     2.857
     2.000
     2.429
     1.714
     3.714
     2.143
     2.714
     2.286
     2.143
     4.143
     3.286
     1.857
     2.000
     1.857
     3.143
     2.429
     3.000
     2.429
     2.571
     3.143
     3.143
     3.429
     3.572
     2.000
     4.143
     3.143
     4.000
     2.286
     2.000
     2.857
     3.714
     2.857
     3.143
     2.571
     2.143
     3.000
     2.000
     3.143
     4.572
     2.429
     2.429
     4.000
     3.286
     2.857
     1.714
     3.000
     2.286
     1.857
     3.857
     3.286
     3.143
     3.000
     3.143
     3.286
     3.143
     3.572
     3.857
     2.714
     3.000
     2.857
     3.143
     3.572
     3.714
     3.857
     2.857
     2.857
     3.572
     3.143
     2.286
     3.572
     4.857
     4.000
     2.571
     5.000
     3.714
     3.143
     3.286
     3.429
     3.429
     3.714
     2.571
     3.000
     4.286
     3.000
     6.429
     3.143
     4.143
     2.571
     4.286
     3.572
     4.286
     3.714
     5.143
     4.286
     5.429
     3.286
     4.572
     6.286
     4.143
     2.429
     5.000
     4.572
     3.286
     3.714
     2.714
     3.143
     5.143
     2.714
     5.000
     3.000
     2.571
     3.857
     3.572
     6.286
     3.286
     3.572
     3.286
     5.286
     4.857
     3.000
     5.714
     4.000
     4.143
     3.572
     4.143
     3.714
     5.143
     2.571
     3.857
     4.857
     5.000
     3.572
     3.714
     2.857
     5.000
     3.000
     4.429
     5.143
     5.714
     3.857
     5.429
     5.286
     5.143
     2.857
     6.572
     2.857
     4.286
     3.429
     5.286
     4.714
     4.000
     3.572
     4.857
     3.857
     5.572
     4.572
     4.000
     5.000
     4.857
     3.000
     5.714
     4.286
     4.000
     5.143
     6.572
     4.572
     5.857
     4.714
     3.857
     3.572
     5.714
     4.143
     5.572
     4.714
     4.286
     3.000
     5.429
     5.000
     3.572
     3.714
     5.143
     4.857
     4.429
     4.286
     3.143
     4.714
     5.429
     4.572
     5.429
     5.000
     6.857
     3.143
     4.714
     3.429
     3.714
     3.286
     4.572
     5.143
     4.857
     4.857
     3.714
     4.714
     3.572
     2.571
     4.572
     4.572
     3.286
     3.572
     3.857
     5.286
     6.143
     4.143
     4.286
     5.286
     4.143
     4.143
     4.286
     3.714
     3.286
     4.286
     5.000
     3.714
     4.286
     2.714
     4.572
     4.286
     5.000
     3.572
     6.572
     4.714
     3.572
     4.143
     4.000
     5.714
     6.143
     5.857
    11.572
    10.143
    10.000
     8.857
     9.286
    10.715
    13.000
     9.714
    14.143
     9.572
    11.572
    11.000
     9.857
    10.143
     6.714
     5.572
     5.143
     5.429
     4.572
     4.143
     3.857
     5.286
     5.143
     5.143
     4.429
     3.429
     3.857
     3.714
     5.143
     4.286
     4.143
     3.000
     6.000
     4.714
     5.286
     3.143
     6.143
     5.857
     6.572
     5.000
     7.143
     7.429
     6.000
     5.286
     5.857
     7.857
     8.000
     7.286
     5.429
     4.429
     5.572
     4.286
     4.000
     3.857
     4.000
     3.857
     4.000
     4.572
     3.857
     3.572
     4.000
     3.714
     4.143
     2.714
     5.572
     3.857
     3.000
     2.714
     4.286
     4.857
     4.714
     2.286
     3.714
     4.000
     5.143
     2.429
     3.857
     3.572
     2.857
     3.000
     4.286
     3.429
     3.429
     3.572
     2.571
     2.857
     3.714
     2.857
     3.429
     2.143
     2.571
     2.286
     4.429
     3.286
     2.714
     4.143
     2.286
     3.429
     1.857
     4.714
     3.143
     2.714
     2.857
     2.000
     3.572
     4.429
     1.714
     3.714
     2.571
     3.714
     2.000
     3.000
     3.857
     3.000
     2.714
     2.857
     3.000
     3.572
     2.714
     2.857
     2.714
     3.572
     3.000
     1.429
     3.429
     3.429
     3.143
     2.000
     3.143
     2.286
     2.143
     2.286
     3.429
     2.714
     3.572
     1.286
     3.857
     2.714
     2.857
     2.429
     3.143
     2.286
     2.857
     2.571
     4.286
     2.286
     2.571
     2.429
     2.857
     3.857
     3.572
     3.000
     3.286
     4.143
     3.000
     2.429
     2.714
     3.714
     1.714
     2.286
     3.714
     4.000
     3.429
     2.857
     4.429
     5.000
     4.429
     2.857
     3.714
     4.143
     4.000
     4.143
     4.429
     3.714
     3.143
     2.143
     4.429
     3.286
     3.714
     2.000
     3.000
     1.857
     2.714
     2.571
     2.286
     3.714
     4.572
     1.857
     4.286
     2.286
     2.429
     1.571
     3.572
     2.429
     3.286
     4.857
     4.714
     8.143
     7.572
    12.572
    11.715
    10.715
    11.429
    13.429
     8.286
    12.286
    14.286
    12.143
    14.000
    13.000
    12.286
    12.143
    10.143
     6.572
     7.572
     3.429
     6.857
     3.714
     4.857
     2.857
     1.857
     2.714
     2.000
     2.857
     4.714
     3.714
     2.143
     4.000
     4.143
     2.857
     4.143
     3.143
     3.572
     3.429
     4.000
     3.714
     3.286
     3.000
     3.714
     2.571
     3.429
     2.286
     4.000
     2.000
     3.572
     2.571
     1.571
     2.571
     2.000
     3.000
     2.571
     3.572
     2.571
     3.143
     2.571
     3.572
     3.143
     2.714
     4.429
     4.286
     2.857
     3.572
     4.572
     4.572
     7.286
     5.714
    10.715
    10.857
     9.143
    10.715
    11.000
    12.572
    12.857
    11.286
    13.143
    10.429
    10.857
     9.429
    10.429
     8.143
    10.143
     7.714
     6.000
     4.714
     5.000
     3.286
     2.571
     4.286
     4.572
     4.286
     4.286
     4.000
     3.143
     4.572
     2.429
     2.714
     3.143
     4.000
     5.143
     3.714
     4.429
     2.714
     4.714
     5.143
     4.429
     4.000
     4.572
     2.714
     3.000
     3.000
     4.000
     4.857
     3.000
     2.286
     4.143
     3.429
     3.572
     4.286
     4.286
     4.286
     3.000
     3.286
     6.572
     6.143
     5.286
     5.714
     8.857
     8.572
    10.715
    16.715
    34.001
    48.715
    59.144
    48.430
    78.002
    65.716
    77.573
    59.287
    85.573
    68.859
    88.573
    57.144
    87.002
    53.144
    82.430
    34.858
    42.429
    21.572
    26.001
    13.286
    10.715
     7.286
     6.714
     6.429
     6.143
     6.857
     5.143
     2.714
     2.714
     4.143
     3.000
     3.429
     4.000
     3.286
     5.286
     3.857
     4.572
     2.857
     4.286
     2.857
     3.857
     3.000
     3.000
     4.286
     4.429
     2.714
     3.714
     4.000
     3.143
     3.286
     4.857
     5.572
     5.286
     6.572
     9.714
     7.286
    10.143
     7.714
     8.572
     8.143
     6.286
     5.572
     5.429
     7.000
     4.714
     5.143
     5.000
     6.286
     8.143
    10.143
    10.000
     8.857
     9.714
    14.143
    12.286
     9.572
    12.286
    12.429
    12.572
    10.000
    11.143
     9.857
     7.572
     9.286
     6.714
     4.286
     5.429
     4.857
     4.714
     2.714
     3.429
     2.143
     3.572
     2.714
     4.429
     1.571
     2.429
     3.714
     2.429
     2.429
     3.429
     2.286
     3.286
     2.571
     2.286
     2.429
     3.572
     3.286
     2.857
     2.857
     4.857
     4.000
     3.286
     3.143
     3.714
     3.429
     4.857
     4.000
     3.857
     3.572
     4.000
     3.143
     4.286
     3.857
     5.000
     3.429
     3.000
     2.714
     4.143
     2.000
     3.143
     2.714
     3.000
     3.572
     3.572
     4.572
     4.572
     4.286
     3.000
     3.143
     3.572
     3.000
     2.857
     2.286
     3.000
     3.572
     5.714
     5.000
     3.857
     3.429
     5.714
     6.286
     7.429
     4.286
     5.286
     6.143
     6.143
     6.714
     7.143
     6.000
     5.714
     6.714
     7.143
     6.572
     7.572
     7.000
     6.000
     6.000
     8.143
     9.429
     9.286
    12.000
    11.286
    27.001
    23.143
    42.287
    45.715
    82.716
    54.001
    75.144
    80.859
   108.002
    88.859
    99.716
   114.431
   102.716
   109.288
    86.145
   106.002
    62.858
    80.002
    41.144
    56.144
    35.286
    36.144
    20.429
    20.000
    14.143
    14.572
    10.286
     8.857
     6.714
     6.429
     4.572
     6.572
     5.000
     6.286
     5.143
     5.572
     4.857
     5.143
     4.286
     4.000
     4.429
     4.429
     4.429
     5.000
     4.143
     4.286
     5.572
     6.286
     2.857
     6.143
     3.429
     6.000
     7.714
     8.714
     7.572
    14.429
    17.429
    16.429
    19.286
    19.715
    23.572
    24.429
    33.572
    33.572
    37.858
    39.144
    43.001
    42.715
    43.572
    61.287
    45.715
    51.001
    44.429
    56.144
    37.001
    42.144
    32.286
    29.715
    19.858
    17.143
    13.286
    10.429
     7.429
     6.000
     6.714
     5.714
     5.572
     5.143
     4.572
     4.572
     3.429
     3.286
     3.286
     4.000
     4.143
     4.143
     2.571
     2.714
     3.714
     3.572
     3.143
     3.714
     4.286
     4.000
     2.857
     3.000
     2.714
     3.000
     4.572
     4.286
     3.286
     4.143
     3.000
     4.857
     6.000
     5.572
     3.714
     4.572
     5.286
     4.429
     4.857
     4.143
     3.857
     3.714
     3.429
     2.857
     2.857
     3.286
     2.429
     2.714
     3.429
     3.572
     2.571
     3.572
     3.000
     4.429
     2.286
     3.429
     3.143
     3.286
     3.572
     4.000
     3.429
     3.000
     2.714
     4.572
     3.286
     3.000
     4.572
     2.429
     3.000
     2.714
     3.143
     3.000
     4.572
     4.000
     3.143
     4.429
     4.286
     3.572
     2.143
     2.714
     4.857
     4.143
     4.429
     5.429
     5.000
     2.857
     2.714
     3.857
     3.286
     2.857
     1.857
     1.429
     4.429
     3.286
     3.000
     2.571
     2.286
     2.857
     2.000
     3.714
     3.000
     3.714
     2.714
     2.000
     2.429
     3.143
     2.429
     2.857
     3.714
     3.000
     1.571
     2.286
     3.143
     2.143
     3.143
     2.714
     3.143
     2.143
     2.857
     2.714
     3.000
     2.571
     3.286
     3.714
     4.286
     4.143
     2.571
     3.429
     2.286
     2.714
     2.714
     2.857
     4.572
     4.572
     3.572
     4.572
     4.143
     6.857
     5.572
     7.000
     7.143
     7.572
     5.572
     8.714
     6.714
     7.000
     5.429
     7.286
     7.143
     5.429
     6.714
     7.429
     6.857
     7.000
     5.429
     6.143
     4.286
     5.857
     6.286
     6.857
     5.857
     8.714
    10.857
     5.857
     7.714
     8.857
     7.286
     9.429
     9.857
     8.714
     8.143
     6.000
     7.572
     5.857
     6.143
     5.286
     4.429
     4.429
     3.429
     3.286
     3.286
     3.000
     3.143
     2.571
     3.857
     2.857
     2.429
     3.143
     2.429
     1.571
     2.143
     2.143
     1.857
     2.286
     2.143
     1.857
     3.429
     3.857
     2.571
     2.000
     2.143
     2.000
     3.286
     3.857
     3.572
     3.429
     3.857
     3.143
     4.857
     4.000
     1.857
     3.286
     3.714
     2.857
     3.286
     3.429
     3.857
     4.714
     4.286
     3.714
     3.714
     3.714
     3.143
     4.286
     5.286
     5.000
     9.714
     9.572
    13.429
    16.143
    15.143
    16.429
    17.858
    23.286
    17.572
    26.286
    14.572
    22.572
    15.429
    20.143
    11.572
    13.715
     9.714
    11.429
    10.572
     7.143
     5.857
     5.143
     3.714
     5.572
     4.429
     3.000
     4.572
     3.857
     5.000
     4.286
     5.429
     4.857
    11.715
    11.572
    20.429
    16.429
    17.858
    15.857
    21.572
    19.858
    24.000
    24.429
    21.715
    22.572
    20.572
    21.715
    17.143
    14.286
     9.714
    10.572
    11.715
     8.429
     8.572
     6.572
     5.429
     4.714
     7.143
     6.572
     9.572
    10.429
    13.834
    13.667
    14.500
    12.834
    13.167
    14.500
    12.000
    11.667
    11.334
    10.000
     9.500
     7.167
     5.167
     4.833
     5.667
     3.167
     3.333
     3.333
     4.500
     3.667
     3.500
     2.333
     3.833
     4.167
     3.167
     2.500
     3.333
     3.167
     2.667
     2.667
     4.000
     2.167
     3.833
     4.333
     2.167
     3.500
     4.167
     2.167
     3.000
     3.833
     3.000
     4.167
     5.333
     4.167
     8.500
     8.167
    13.000
    13.500
    14.000
    13.500
    11.667
    14.667
    13.834
    22.500
    12.167
    16.667
    13.000
    12.000
    13.834
    11.834
    10.834
     7.500
     7.000
     7.333
     4.500
     6.167
     4.167
     4.167
     5.000
     5.167
     4.500
     3.167
     3.500
     2.000
     2.667
     3.667
     2.500
     2.500
     4.000
     4.500
     3.167
     3.000
     5.000
     3.500
     3.833
     3.333
     3.167
     3.500
     3.000
     2.500
     4.500
     3.833
     3.167
     2.833
     3.667
     2.167
     4.833
     3.667
     5.000
     3.333
     5.000
     4.667
     5.167
     5.167
     5.667
     6.500
    11.500
    13.834
    19.667
    14.667
    18.834
    21.167
    20.334
    24.500
    20.667
    21.000
    22.334
    26.501
    24.667
    27.834
    22.667
    24.667
    20.500
    28.167
    27.501
    31.334
    25.001
    26.334
    23.334
    29.501
    25.834
    22.000
    21.500
    20.000
    15.667
    13.834
    12.667
    11.834
     9.667
     7.000
     9.167
     7.167
     4.833
     6.500
     6.167
     7.000
     7.833
    10.500
    15.834
    11.667
    11.667
    10.667
    14.500
    14.667
    18.334
    17.834
    25.501
    18.500
    18.334
    14.834
    12.167
    14.000
    11.000
     8.834
     7.167
     5.000
     5.833
     5.167
     5.167
     5.167
     3.000
     4.167
     4.833
     4.000
     3.167
     4.500
     2.667
     4.500
     3.167
     3.500
     4.000
     5.167
     5.000
     6.500
     5.167
     5.333
     5.500
     4.667
     4.500
     4.333
     5.333
     6.167
     7.500
     7.833
     5.667
     6.667
     4.167
     5.667
     4.333
     5.167
     4.167
     5.500
     5.333
     6.167
     4.333
     6.333
     6.333
     6.333
     7.333
    13.167
     7.167
     9.500
    11.000
     9.834
    10.167
    12.334
    11.834
     7.667
     8.834
     9.000
     7.500
     6.167
     6.500
     5.667
     5.833
     5.500
     4.167
     3.833
     3.167
     3.167
     3.833
     4.500
     4.167
     3.500
     4.333
     3.333
     3.500
     2.833
     3.500
     3.833
     3.000
     4.500
     3.667
     4.000
     3.000
     5.167
     5.000
     4.000
     4.333
     6.167
     4.500
     2.500
     3.333
     5.333
     7.333
     9.000
     6.500
     8.000
     8.167
     8.834
     9.334
    10.834
     9.500
    11.500
     8.500
     8.500
    11.000
     8.334
     7.833
     8.334
     5.667
     7.167
     6.500
     6.000
     5.000
     4.167
     6.667
     5.833
     5.833
     7.167
     6.500
     6.333
     5.500
     6.667
     5.667
     6.500
     6.667
     5.167
     5.833
     6.500
     4.500
     5.833
     5.000
     4.833
     4.000
     4.500
     4.000
     6.333
     5.667
     4.500
     4.333
     6.500
     5.333
     4.667
     5.167
     4.167
     4.333
     5.000
     5.000
     4.500
     4.500
     4.333
     5.667
     6.333
     7.500
     8.334
    10.000
    12.167
    18.000
    14.167
    23.167
    20.000
    26.334
    23.334
    23.834
    26.001
    23.667
    27.334
    26.501
    24.167
    22.834
    27.501
    26.501
    28.334
    27.334
    36.501
    31.001
    40.501
    37.334
    40.334
    38.667
    56.834
    42.501
    56.334
    41.334
    55.334
    36.501
    37.667
    27.667
    35.167
    20.834
    23.000
    16.000
    17.500
    14.167
    10.000
    10.334
    11.167
     5.667
     8.167
     7.500
     7.667
     7.167
     8.667
     8.167
     7.667
     7.167
     6.667
     6.333
     6.000
     5.333
     4.167
     6.500
     4.333
     6.833
     5.333
     4.833
     6.833
     4.167
     4.833
     3.333
     5.000
     4.667
     3.167
     3.667
     5.000
     3.333
     5.000
     4.000
     4.500
     4.167
     4.833
     5.333
     5.500
     5.167
     4.667
     5.500
     6.500
     5.500
     5.667
     4.500
     5.833
     4.667
     6.667
     4.000
     6.667
     6.333
     5.167
     5.333
     4.500
     5.833
     4.333
     5.167
     3.667
     4.500
     3.833
     5.500
     4.833
     4.500
     5.333
     4.333
     6.667
     4.000
     6.667
     4.167
     5.833
     4.500
     7.333
     6.333
     7.167
    10.167
    16.334
    17.834
    15.500
    11.000
    18.834
    15.667
    23.000
    17.500
    20.667
    13.334
    19.167
    16.167
    18.667
    13.667
    15.000
     9.667
    10.334
     8.000
     9.500
     8.167
     7.667
     5.167
     5.000
     5.333
     4.167
     4.833
     4.333
     6.000
     4.333
     4.500
     3.667
     4.333
     6.500
     4.833
     3.833
     4.667
     3.000
     4.000
     4.500
     4.333
     4.167
     3.333
     6.000
     4.167
     3.833
     3.833
     4.167
     3.667
     5.667
     5.333
     5.500
     5.167
     4.167
     3.000
     3.667
     4.667
     4.833
     3.833
     2.333
     4.333
     3.000
     4.500
     3.833
     4.333
     4.667
     6.000
     4.667
     5.833
     4.833
     4.500
     6.667
     5.333
     8.500
    12.334
    14.334
    13.667
     9.334
    14.834
    16.667
    17.667
    23.667
    19.500
    20.167
    19.500
    18.167
    15.834
    15.834
    12.834
    14.834
    10.167
    10.334
    11.500
     5.333
     6.667
     5.667
     4.833
     5.000
     4.667
     4.167
     5.000
     5.167
     4.500
     4.667
     5.167
     3.833
     5.667
     3.833
     5.000
     3.667
     4.833
     5.833
     5.167
     5.333
     3.833
     5.167
     3.667
     4.167
     4.500
     5.000
     5.500
     6.500
     4.667
     5.667
     4.667
     5.333
     5.667
     5.333
     6.333
     6.667
     3.500
     6.500
     5.500
     4.500
     6.333
     5.500
     4.167
     3.833
     3.667
     5.333
     5.833
     6.167
     5.167
     6.667
     5.500
     6.000
     7.500
     6.000
     7.167
     6.667
     5.167
     7.000
     8.667
     8.500
    13.000
    15.834
    15.167
    19.500
    24.167
    26.167
    31.001
    39.667
    37.667
    46.168
    49.834
    54.334
    48.168
    59.501
    54.334
    56.168
    45.668
    55.834
    46.668
    40.001
    34.501
    35.834
    35.001
    30.501
    35.834
    29.334
    33.334
    25.667
    23.167
    29.667
    24.334
    29.001
    19.834
    23.500
    19.334
    20.000
    15.000
    15.834
    13.000
    13.334
     9.667
    12.667
    10.834
     8.834
     9.834
     6.000
     5.667
     4.667
     4.667
     4.667
     3.667
     5.333
     4.667
     4.167
     6.500
     6.167
     5.333
     5.000
     4.000
     3.667
     4.167
     4.333
     8.334
     8.000
     6.000
     8.334
     8.834
     8.334
     8.167
     8.334
     7.167
     9.834
     7.500
     6.833
     7.667
     5.167
     8.500
     6.333
     6.167
     5.500
     4.833
     7.500
     6.833
     6.500
     5.667
     4.167
     3.833
     5.167
     5.500
     6.167
     5.500
     6.167
     6.333
     5.000
     5.667
     6.667
     7.833
     8.000
     5.833
     6.333
     6.167
     5.667
     5.333
     5.167
     4.500
     8.334
     5.833
     3.833
     4.833
     6.500
     6.167
     8.667
     7.500
     8.334
     7.333
     7.667
     9.667
    10.167
     9.167
     8.500
     8.834
     8.000
    10.334
     8.000
     8.834
     8.500
     8.334
     8.334
     6.833
     6.833
     7.000
     5.333
     6.667
     6.667
     8.667
     8.167
     8.834
    10.167
    13.667
    11.500
    13.334
    16.000
    14.167
    17.834
    23.834
    25.667
    32.334
    25.334
    22.334
    23.667
    20.667
    24.500
    21.834
    19.834
    19.167
    18.000
    15.000
    15.000
    12.000
    17.000
    13.667
    11.500
    11.167
    11.334
     9.000
     8.500
     9.334
     8.334
     7.833
    10.834
     8.667
     6.333
     9.000
     8.167
     5.833
     7.000
     5.833
     5.667
     8.334
     6.167
    11.834
    12.667
    17.834
    11.667
    13.167
    17.334
    17.167
    19.334
    19.334
    22.167
    16.000
    20.167
    22.000
    23.167
    19.334
    24.667
    18.000
    23.500
    20.334
    27.001
    23.000
    30.501
    29.001
    34.834
    23.834
    23.334
    15.167
    19.667
    16.667
    16.334
    20.834
    20.000
    11.334
    12.334
     9.667
    10.167
     8.334
     9.667
     9.167
     8.500
     9.334
     9.500
     7.667
     8.500
     7.833
     8.000
     7.833
     7.833
     7.500
     9.000
     6.167
     7.167
     8.667
     6.833
     8.000
     5.000
     5.000
     6.167
     7.000
     6.167
     6.000
     5.333
     5.000
     6.167
     5.167
     4.667
     6.833
     5.833
     6.333
     5.167
     5.000
     5.000
     5.500
     6.333
     4.833
     5.333
     6.333
     8.334
     8.667
    10.500
    11.667
     9.667
     7.667
    11.667
    10.167
    10.167
     9.167
    10.834
    10.834
    11.500
    13.667
    17.000
    18.667
    20.334
    14.834
    15.667
    13.500
    18.167
    17.334
    23.834
    15.500
    19.167
    11.000
    13.334
    11.667
    15.500
    12.000
    17.500
    14.334
    16.500
    13.500
    16.500
    14.500
    21.167
    19.834
    22.834
    21.000
    28.001
    28.667
    33.334
    26.001
    37.501
    31.334
    38.667
    33.167
    34.334
    30.001
    28.834
    21.000
    24.334
    21.667
    20.167
    18.000
    18.500
    14.334
    14.667
     8.334
    10.000
     8.834
     7.667
     7.667
     7.333
     9.000
     9.667
     8.834
     9.500
    11.334
    11.334
    14.334
    17.834
    18.667
    20.167
    14.167
    21.834
    19.834
    22.667
    19.500
    24.500
    19.500
    23.834
    16.334
    18.500
    16.500
    16.667
    10.500
    15.667
    11.500
    10.834
     9.334
     9.000
     8.500
     6.500
     3.667
     7.500
     5.500
     7.167
     5.667
     5.500
     5.667
     7.000
     5.333
     6.167
     4.667
     4.833
     5.333
     5.500
     5.000
     6.500
     2.833
     6.833
     5.500
     4.667
     5.333
     7.000
     5.167
     5.500
     8.500
     7.667
     6.833
     8.167
     6.667
     9.834
     9.000
    12.500
    12.334
    15.334
    16.000
    14.000
    13.500
    15.000
    19.167
    19.167
    17.834
    18.834
    15.667
    14.334
    13.500
    13.167
    11.334
    14.167
    11.500
    12.000
    12.334
     9.167
     8.334
    10.334
     8.834
     8.667
     7.833
     9.667
    11.834
    10.167
    15.334
    10.667
    15.667
    12.667
    12.667
    13.834
    13.500
    11.667
    14.000
    13.834
    12.667
    11.834
    11.500
    10.000
     9.500
     8.834
     8.334
     6.833
     5.333
     6.000
     7.000
     6.333
     6.000
     7.167
     5.833
     7.333
     5.167
     6.333
     5.833
     6.667
     6.333
     6.333
     6.167
     5.667
     3.833
     4.167
     4.667
     7.000
     6.500
     5.000
     5.667
     5.500
     5.000
     2.667
     5.000
     5.000
     5.333
     6.333
     3.833
     3.667
     6.000
     6.833
     6.500
     7.833
     8.834
     8.167
     7.167
     6.667
     7.333
    12.500
    13.667
    16.500
    13.000
    12.167
    17.500
    16.667
    18.000
    15.500
    19.000
    18.000
    17.167
    16.500
    15.000
    13.667
    11.500
    12.667
     9.500
    12.500
    11.000
    10.667
     8.500
    13.834
     8.834
     9.334
     8.667
    13.334
    13.167
    12.834
    16.000
    15.000
    14.000
    16.000
    20.000
    18.500
    22.500
    17.167
    15.667
    16.500
    13.834
    13.834
    16.334
    14.167
    12.334
    12.000
     8.334
    10.000
     8.500
     9.334
     6.833
     7.667
     9.334
     7.667
     8.334
     7.667
     6.500
     7.667
     5.500
     7.833
     8.500
     7.500
     5.667
     6.833
     6.333
     7.000
     8.500
     8.334
     8.500
     7.833
     8.334
     7.833
     7.000
     9.667
     5.500
     5.000
     5.167
     6.333
     7.333
     5.667
     7.500
     5.667
     4.333
     5.667
     6.167
     3.833
     5.833
     5.000
     5.500
     6.000
     5.333
     6.000
     5.500
     5.333
     6.167
     5.500
     5.833
     5.167
     8.000
     5.167
     6.667
     6.167
     5.167
     5.000
     5.500
     6.000
     6.500
     7.333
     8.500
     8.334
     6.833
     4.667
     4.833
     7.167
     4.667
     6.333
     6.667
     6.500
     7.000
     6.833
     6.833
     4.833
     7.167
     9.000
     8.334
     6.000
     8.834
     9.000
     8.334
     9.500
    13.834
    18.667
    17.167
    17.834
    13.500
    19.834
    21.167
    19.834
    16.334
    23.334
    22.500
    23.667
    14.667
    17.167
    17.834
    17.000
    14.667
    14.000
    13.667
    15.834
    12.167
    10.834
    12.334
    10.834
    10.334
    11.500
    11.334
     8.500
     9.667
    11.500
    10.834
     8.167
    10.667
    10.667
    12.000
    12.667
    11.667
    11.000
    14.167
    17.167
    14.000
    16.667
    16.334
    16.000
    17.834
    21.834
    19.667
    19.000
    16.000
    18.334
    17.000
    18.167
    14.167
    14.167
    16.167
    13.667
    13.334
    13.834
    13.167
    11.667
    13.000
    12.500
    12.500
    12.334
    17.667
    23.000
    27.001
    23.500
    19.834
    19.834
    23.167
    22.334
    18.500
    24.167
    28.667
    24.500
    22.500
    26.501
    22.000
    27.167
    22.000
    24.334
    23.500
    20.834
    20.334
    18.167
    21.667
    23.000
    21.334
    26.667
    27.501
    26.501
    21.834
    28.001
    23.500
    25.334
    24.334
    30.001
    27.167
    26.501
    21.167
    22.334
    20.334
    20.167
    16.500
    21.000
    14.167
    17.334
    13.667
    18.000
    14.334
    12.000
    12.500
    12.167
    10.667
    11.167
    10.167
    12.167
    10.167
     9.834
     9.000
     7.833
     9.334
     9.500
     7.667
     9.667
    10.167
     8.334
     8.500
     7.833
     7.333
     8.500
     8.834
     6.500
     6.333
     7.167
     7.167
     5.000
     8.834
     8.500
     8.500
     6.500
     6.500
     8.000
     9.167
     9.500
     6.500
     9.000
     8.334
    10.500
    11.334
    10.667
    12.334
    10.334
    11.334
    18.000
    20.834
    18.500
    23.834
    25.334
    20.334
    28.501
    22.334
    28.667
    26.834
    31.001
    27.167
    27.667
    22.167
    25.667
    20.667
    19.167
    17.500
    19.334
    17.334
    17.000
    16.500
    14.667
    19.000
    17.000
    17.834
    20.167
    16.667
    20.834
    17.000
    24.834
    24.834
    26.001
    23.000
    22.834
    26.334
    22.000
    20.667
    17.167
    18.167
    20.667
    18.834
    16.500
    13.334
    14.834
    12.834
     9.167
    14.167
    10.500
     8.834
     9.834
     9.000
     7.667
     9.834
    11.334
    10.834
    10.334
     8.667
     8.834
    10.334
    10.334
    15.000
    13.167
    12.667
    15.334
    14.167
    15.500
    19.667
    18.334
    19.667
    17.167
    15.167
    13.834
    15.167
    12.500
    14.000
    14.334
    10.500
    12.000
    14.000
    10.667
    10.834
     9.667
     9.500
     6.500
     8.667
     8.000
     6.667
     7.833
     7.500
     9.834
    11.167
     9.167
     5.500
     8.834
     7.833
     9.334
    10.500
     7.667
     8.667
     6.667
     6.167
     7.333
     7.167
     6.167
     7.667
     7.167
     9.500
     8.167
     8.000
     7.000
     7.833
     8.000
     7.167
     6.833
     7.500
     8.000
     8.334
     4.667
    10.167
     7.000
     7.000
     7.333
     9.000
     6.500
    11.334
     8.167
     9.667
     7.500
     9.667
     5.667
     8.500
     7.333
     7.000
     9.500
     7.333
     8.334
     5.667
     6.000
     6.833
     7.667
     7.333
     8.834
     9.000
     6.833
     7.333
     8.167
     7.833
     7.167
     6.833
     7.833
     8.500
     8.500
     8.500
    12.167
    10.334
     7.667
    10.000
     8.500
    13.000
    10.500
    10.334
    15.167
    14.167
    16.667
    11.834
    19.000
    19.334
    16.000
    14.334
    16.167
    18.667
    14.000
    13.500
    13.500
    14.334
    13.500
    10.667
    14.334
    10.334
    10.500
    12.500
     7.167
     9.500
     7.667
     9.167
     7.000
     8.000
     5.833
     5.500
     6.667
     7.333
     7.167
     5.667
     9.834
     6.333
     7.500
     7.667
     9.000
     9.334
     8.334
     7.000
     6.833
     8.500
     9.167
     9.667
    10.334
     6.833
     9.167
     9.000
     9.667
    10.000
     8.334
    10.000
     7.833
     7.667
     8.334
     7.000
     7.500
    10.000
     8.834
     8.834
     8.334
     8.834
    10.000
     9.667
     6.833
     9.167
     9.334
     9.834
    10.834
    12.167
    14.667
    11.834
    17.167
    13.000
    14.667
    16.000
    19.000
    16.834
    20.500
    17.834
    20.334
    21.334
    24.500
    21.167
    19.500
    21.500
    18.667
    17.167
    16.334
    13.334
    15.334
    14.667
    12.834
    12.667
    13.334
    14.334
     8.334
    11.834
    10.667
     9.000
     9.834
     9.667
     8.500
     7.500
     7.500
     8.167
     7.500
     7.833
     6.500
     7.000
     9.000
     5.833
     8.500
     7.667
     7.667
     8.834
    10.000
     9.167
     6.500
     8.834
     8.167
     6.500
     8.000
     8.667
     7.000
     7.000
     7.667
     9.500
     6.500
     8.167
     6.833
     6.500
    10.334
     7.167
     9.167
     7.667
     9.000
     7.500
     8.334
     9.000
     7.500
     9.334
     6.833
     8.167
     6.333
     8.500
     7.500
     6.833
     8.834
     9.334
     9.500
     9.000
     8.000
     9.167
     9.667
     7.333
    10.667
     8.667
     7.333
     8.667
     9.000
     9.000
     5.500
     8.834
     9.500
    12.334
     8.834
    11.167
     9.334
    10.000
    10.167
    10.667
    12.500
    10.500
    10.167
    10.667
    13.000
    10.167
    10.000
     7.667
    11.167
    11.834
     9.834
    11.667
     8.834
    10.334
    10.000
     7.667
     9.667
     7.500
     8.667
     7.667
     9.000
     8.000
     6.500
     8.000
     8.500
     8.500
     7.167
     7.333
     7.333
     8.000
     8.334
    10.000
     7.000
     8.667
     7.333
     8.834
     7.500
     8.334
    10.334
    11.500
     7.667
     8.500
     6.667
     7.333
     8.834
     8.834
    10.334
    10.667
    11.834
    11.500
    16.167
    14.334
    17.334
    18.000
    18.667
    23.334
    25.001
    20.000
    24.834
    22.334
    22.500
    18.667
    21.334
    21.834
    19.834
    19.834
    19.167
    15.500
    18.000
    15.834
    14.167
    14.667
    12.500
    10.500
    11.167
    10.667
    13.334
     9.500
     9.667
    11.000
    10.000
     9.667
     9.834
     9.334
     9.667
     9.167
     7.833
     9.834
     9.334
    10.667
     9.167
     8.000
    11.500
    10.000
    11.000
     8.000
     6.500
     8.667
     8.834
     9.667
    10.167
     9.334
    10.667
     9.334
     6.167
     8.000
     7.333
     6.000
     8.334
     8.834
     9.000
     6.333
     8.167
    10.834
     7.333
     6.833
     6.167
    10.334
     6.500
     9.500
     7.500
     6.500
     9.000
     8.834
     8.167
     8.334
     6.167
     8.500
     9.000
     8.334
     9.000
     7.333
     6.167
     9.167
     9.167
    11.667
    13.667
    14.167
    12.167
    13.167
    13.834
    15.500
    17.834
    17.667
    16.667
    20.334
    19.000
    19.834
    17.834
    18.500
    17.334
    17.334
    17.000
    16.834
    16.334
    14.334
    14.167
    13.167
    13.500
    14.000
    11.334
    13.834
    11.834
     8.000
     9.667
    12.000
    10.667
    12.500
    13.667
    13.834
    11.667
    10.500
    10.667
    12.500
    11.000
    12.500
    13.667
    15.834
    13.000
    14.834
    13.334
    17.500
    12.500
    14.167
    15.334
    13.834
    17.667
    13.500
    10.000
    13.167
    10.667
    12.167
     9.334
     8.500
     9.000
     8.334
     9.167
     9.500
     8.500
     7.833
     8.334
    11.834
     8.000
     6.833
     8.167
     9.167
     8.334
     8.167
     6.667
     7.833
     8.334
     7.333
     7.333
     6.833
     8.334
     9.000
     8.500
     8.334
     8.500
     7.000
     6.500
     8.500
     8.334
     9.834
     6.333
     7.333
    10.167
    10.000
     6.667
     7.833
     7.000
     7.167
     7.667
     9.167
     8.334
     8.334
    12.167
    11.000
     9.834
    10.834
    10.167
     9.667
    12.834
    13.500
     9.834
    11.500
     8.500
    11.000
    10.334
     8.834
    13.167
    12.500
    11.000
    10.667
     9.834
     8.834
    10.334
     8.667
    11.167
     8.500
     7.500
     9.334
     7.333
     8.834
     8.167
     7.833
     7.667
     8.167
     8.000
     7.167
     7.500
     6.333
     8.167
    10.167
     7.167
     7.500
     9.167
     7.833
     9.500
     5.500
    10.167
     9.334
     8.500
     6.167
     8.000
     8.167
    10.500
     9.000
     9.334
     8.500
     7.167
     9.334
    12.167
     9.834
    12.000
     9.500
    14.500
    11.834
    13.334
    12.500
    13.000
    10.667
    13.834
    14.334
    12.000
    18.334
    14.167
    16.334
    17.334
    18.334
    15.167
    16.500
    19.000
    17.500
    21.167
    19.667
    19.000
    16.334
    18.334
    13.667
    15.167
    16.834
    16.667
    16.834
    14.667
    14.834
    15.834
    15.167
    14.000
    14.500
    15.334
    14.667
    15.500
    13.000
    14.834
    14.000
    14.000
    12.834
    18.834
    15.000
    15.500
    14.000
    13.834
    13.667
    15.834
    14.834
    13.334
    10.667
    12.000
    12.500
    12.500
    13.000
    15.500
    12.334
    10.167
    12.667
    10.834
    12.334
    12.167
     9.000
    10.667
     8.334
    10.834
     8.000
     8.500
     8.000
    11.167
    11.000
    10.167
    10.334
     9.000
     7.667
     7.833
     9.667
     7.333
     6.500
    10.000
     9.000
     9.334
     9.834
    11.834
    12.667
    12.167
    10.167
    14.000
     9.834
    16.834
    15.667
    13.000
    15.000
    15.834
    16.500
    15.000
    15.834
    15.667
    16.167
    12.667
    15.500
    12.334
    16.167
    16.667
    12.500
    12.667
    12.000
    14.000
    14.834
    13.667
    14.000
    19.834
    13.500
    17.167
    14.334
    21.167
    13.167
    16.834
    15.667
    12.667
    15.500
    14.667
    11.000
    14.667
    12.500
    12.667
    11.000
    12.834
    15.667
    11.834
    10.834
    11.667
    11.167
    10.334
    10.334
     9.834
     8.334
     8.834
     8.000
    10.500
     6.833
     8.500
     8.834
     9.667
    10.167
     9.834
     8.834
    11.500
    12.000
    13.500
    10.334
    15.000
    11.834
    13.500
     9.500
    10.667
    13.334
    12.667
    10.667
     8.834
    12.000
    13.167
    10.167
    14.500
    13.834
    15.000
    15.500
    19.167
    16.167
    15.334
    16.334
    18.167
    15.667
    16.167
    15.667
    14.667
    17.834
    12.834
    10.167
    11.834
    10.000
    14.834
    13.167
    13.667
    13.500
    12.834
    12.334
    12.667
    12.667
    13.167
    11.667
    13.500
    12.000
    13.334
    11.667
    10.667
    10.334
     9.334
    11.000
    10.500
     9.500
    10.500
    10.000
    10.167
    10.667
    10.000
     8.167
     9.167
     8.500
     8.334
    11.000
     7.000
    10.167
     6.833
     5.833
     9.167
     9.167
     8.334
     7.167
     8.000
     9.667
     8.834
     9.834
     8.000
    10.000
     9.500
     9.834
    10.000
     8.834
    13.000
    11.834
    10.500
    16.000
    10.334
    13.000
    11.667
    14.334
    12.500
    11.834
    10.334
    11.667
    11.667
    13.000
    13.334
    12.667
    11.667
    14.667
    16.834
    17.334
    17.000
    16.667
    21.834
    22.500
    23.834
    24.500
    25.501
    25.834
    28.501
    22.500
    21.500
    21.000
    23.667
    17.334
    22.000
    26.501
    26.001
    26.001
    27.501
    25.501
    30.167
    34.167
    27.334
    26.834
    30.834
    28.001
    23.334
    25.501
    25.001
    23.334
    23.334
    23.334
    15.667
    20.500
    17.667
    14.834
    17.167
    16.334
    15.334
    15.834
    14.667
    13.167
    13.167
    11.500
    11.167
    10.000
     9.500
     9.667
    11.000
     8.667
     9.167
     6.167
    10.667
     7.833
     9.334
     8.334
     8.667
     7.833
    11.500
    13.667
    12.667
    11.334
    16.000
    15.500
    13.000
    12.500
    12.167
    13.000
    14.834
    12.500
    11.334
     9.000
    13.500
    10.500
    10.834
     8.334
     8.000
    12.167
     9.167
    10.834
     8.000
    10.000
     6.500
    11.667
     7.500
    10.000
     7.333
     9.167
    10.167
    10.167
    10.500
    11.334
     9.167
    10.500
    15.000
    15.667
    18.500
    16.167
    21.167
    19.334
    21.000
    17.167
    21.167
    18.167
    19.167
    15.334
    15.334
    16.167
    16.167
    10.167
    14.000
    17.167
    14.167
    12.500
    16.500
    11.500
    13.167
    11.834
     9.500
    10.500
    10.334
     9.167
     8.834
     6.000
     7.500
     7.000
     8.667
     8.334
    10.334
     8.500
     8.167
     9.667
     6.500
     6.167
     7.333
     7.167
     9.000
     7.500
     8.167
     9.500
     8.834
    11.000
    13.500
    13.667
     8.334
    11.167
    12.167
    11.667
    13.000
     9.500
     9.834
    11.000
    12.167
    10.667
     7.667
    10.834
    10.834
     9.167
    11.334
    10.000
     8.500
     9.834
     9.334
    10.667
     8.834
     7.167
    10.834
     8.500
     9.334
     9.334
    10.500
     7.667
    12.500
     9.000
    10.334
    11.167
    11.000
    11.000
    11.834
     9.334
    14.834
    14.000
    12.834
    17.000
    15.000
    15.667
    15.834
    20.167
    17.834
    15.167
    17.334
    18.167
    20.667
    15.667
    17.667
    21.834
    19.500
    19.334
    19.167
    21.167
    18.667
    16.000
    18.334
    19.334
    19.834
    16.167
    18.334
    17.500
    14.334
    14.167
    13.167
    15.000
    16.167
    14.667
    13.167
    10.834
     9.500
    11.000
    14.167
    11.500
    14.000
    15.667
    14.667
    14.667
    13.834
    14.167
    13.167
    13.167
    13.834
    10.334
    14.500
    12.167
    11.000
     9.167
     8.834
    12.500
    11.167
    12.167
    12.167
     9.834
    11.834
    10.167
    12.000
    11.334
     7.333
     8.000
     8.334
     6.500
     9.500
     7.333
     7.667
     6.000
     7.333
     7.833
     7.500
     7.000
    10.667
     8.834
     8.000
     9.667
     9.500
     8.000
     9.834
    11.667
    12.167
    10.167
    11.167
    10.500
    11.667
    10.167
    10.000
     8.667
    10.167
    11.167
    12.000
    10.000
    11.500
    11.167
     9.667
    14.000
    12.834
    16.334
    11.667
    12.667
    13.834
    15.000
    14.167
    15.500
    13.000
    10.334
    11.500
     8.500
    12.167
    12.500
    10.000
    10.500
    10.334
     9.834
    10.000
    12.167
    10.667
    10.000
     9.334
     7.500
    11.834
     7.500
     6.667
    10.500
     9.334
    10.000
     8.334
    11.334
     5.833
     9.000
     9.167
    10.334
    12.500
    10.167
    13.000
    14.500
    14.834
    10.167
    12.334
    12.000
    10.000
    12.167
    10.334
    12.167
     9.167
    11.334
    12.000
    13.334
    13.167
    11.667
    12.167
    10.667
    10.500
     9.667
    10.834
    10.000
    10.167
     9.667
    12.167
     9.000
     9.834
     9.334
    12.000
    10.834
    11.334
    12.000
    12.834
    13.334
    15.167
    13.334
    16.334
    14.667
    14.334
    16.334
    16.000
    18.000
    22.000
    17.000
    23.667
    22.834
    19.500
    18.500
    18.667
    18.667
    17.167
    15.834
    17.000
    12.500
    14.334
    16.834
    13.834
    15.667
    15.167
    11.167
    15.167
    14.334
    13.834
     9.000
    12.667
    13.500
     9.334
     8.167
     9.500
     9.500
     8.667
     9.834
     9.334
     8.167
    11.334
    10.834
    11.334
    10.334
     9.167
     9.000
    13.000
    11.667
    10.667
    15.000
    14.500
    11.500
    16.334
    12.834
    10.334
    13.834
    13.834
    11.167
    14.667
    10.334
    12.500
    13.000
     9.834
     9.834
    15.167
     9.334
    14.000
    13.000
    16.500
    13.667
     9.500
    16.500
    15.334
    12.334
    13.167
    14.167
    10.834
    12.000
    10.667
    12.334
    12.667
    11.167
    14.500
    11.000
    11.500
    13.000
    10.667
    10.167
    13.167
    13.500
    16.167
    15.167
    17.000
    17.500
    15.667
    18.000
    15.000
    12.334
    12.500
    13.167
    14.000
    10.500
    12.167
    13.667
    12.667
    13.167
    14.000
    14.834
    14.334
    16.000
    14.667
    13.500
    11.334
    14.834
    10.500
    12.334
    10.500
    10.167
    10.334
    11.167
     9.500
     9.500
    12.167
    10.500
     9.834
    12.167
    10.834
    13.000
    10.334
     9.167
     9.667
    10.000
     9.167
     9.000
     7.333
     9.834
     8.500
     9.167
     8.834
     9.167
    10.834
     8.667
     7.500
     7.500
     8.334
     9.000
     8.000
     8.167
     8.667
    10.167
    10.834
     7.500
     7.667
     8.000
     9.834
     8.500
    10.334
     9.834
    11.334
    14.000
    13.000
    13.500
    13.167
    16.834
    12.667
    13.000
     9.667
    13.167
     9.667
     7.833
    10.334
     9.000
    12.500
    12.667
    13.167
    12.167
     9.500
     8.834
    10.334
    10.334
    10.500
    11.000
    10.167
     8.667
    10.000
     9.500
     8.000
     8.834
     7.000
     7.333
     9.834
     9.167
     9.334
     7.667
     8.334
     8.000
     7.000
     7.333
    10.334
    10.334
     8.000
     7.667
     8.000
     9.667
     9.334
     8.500
     9.500
    10.834
    14.334
    13.500
    12.500
    15.167
    17.500
    20.667
    18.334
    15.834
    16.667
    13.834
    13.834
    15.167
    14.667
    14.667
    12.834
    16.334
    14.334
    13.667
    15.000
    14.334
    15.500
    13.334
    14.834
    16.834
    14.334
    12.834
    11.500
    13.334
    12.334
    10.834
    12.834
    17.667
    12.167
    10.167
    13.500
    15.667
    13.834
    15.334
    16.334
    17.834
    15.834
    15.000
    20.334
    22.667
    20.167
    17.334
    17.834
    18.834
    15.667
    15.000
    14.334
    18.000
    16.667
    14.167
    14.334
    19.500
    15.667
    16.500
    17.500
    16.167
    18.834
    17.834
    15.834
    15.667
    16.334
    13.667
    19.667
    14.667
    14.667
    13.500
    14.500
    11.334
    11.667
    12.834
    14.334
    15.500
    15.500
    10.334
    17.000
    15.000
    17.167
    21.334
    19.834
    25.001
    21.000
    24.000
    19.000
    20.667
    15.834
    17.500
    15.000
    14.334
    10.334
    12.667
    12.000
    12.000
    12.000
    12.834
    13.667
    17.334
    11.834
    14.000
    13.334
    12.667
    14.167
    10.167
    10.000
    10.500
     7.667
     8.500
     9.334
     8.834
     8.000
     8.334
     8.667
     7.167
     8.167
     7.500
     9.000
     8.167
    11.500
    10.667
     8.500
    10.667
     9.334
    10.000
     9.334
    13.000
    10.000
     8.500
     6.833
     8.667
    10.000
     8.667
     9.000
    10.834
     6.833
    10.334
     9.834
    12.000
    11.834
    10.000
    10.000
     7.833
    10.334
     7.667
     8.000
     7.667
     8.334
     9.167
     7.000
     8.500
    10.167
     8.334
    10.167
    10.167
     8.000
     9.334
     7.333
     8.167
     8.500
     6.833
     7.500
     7.500
     6.667
     7.833
     7.167
     9.167
     7.000
     8.834
     7.500
     7.167
     7.000
     8.500
     8.334
     7.000
     6.833
     8.167
     8.500
     5.167
     7.833
     9.500
     7.500
     6.167
     8.167
     8.167
     7.167
     6.167
     7.833
     8.000
     6.333
     5.500
     8.167
     7.667
     6.667
     7.667
     8.000
     8.334
     7.667
     8.167
     7.500
     7.667
     8.834
     7.500
     8.167
     6.000
     7.000
     8.334
     8.334
     7.500
     9.167
     6.667
     7.833
     7.333
     9.834
     9.667
     9.500
    11.667
    10.500
     9.500
    14.834
    11.834
    14.834
    14.500
    13.000
    12.667
    12.334
    14.000
    15.000
    13.000
    11.500
    12.334
    11.834
    10.667
    15.334
    13.334
    12.334
    12.667
    10.834
    12.334
    11.334
    10.167
     9.834
    10.000
    10.167
     9.334
    10.500
     9.667
    10.667
     9.334
    11.834
    11.334
     7.833
     6.333
     9.500
     9.334
     6.333
     6.833
     8.834
     7.333
     6.833
     9.500
     7.333
     6.500
     7.333
     7.833
     7.333
     6.333
     7.167
     7.833
     9.834
     8.667
     9.834
     8.167
     8.500
     7.500
     9.167
     7.500
     8.834
     8.834
    12.000
     9.500
    13.000
    15.334
    13.500
    14.167
    12.334
    16.334
    12.000
    12.500
     9.834
    13.000
    10.500
     9.167
     8.500
    10.000
    11.000
     8.167
     9.500
    13.667
    10.667
     9.500
    10.500
    10.667
    10.334
    10.834
    10.167
    10.834
     7.167
    10.000
     9.667
    10.667
    12.334
     9.000
     9.834
    12.500
    12.334
    14.834
    16.334
    17.500
    16.667
    12.000
    13.500
    12.667
     9.167
    10.500
     8.834
     9.334
     9.834
    10.500
     9.834
     9.667
    10.834
    10.334
     8.834
    15.000
    12.000
    10.834
    10.667
    11.667
    10.667
     8.500
     9.834
     9.667
     7.833
     7.667
     8.500
     8.834
    10.334
